100
5 3 10 5
0 2 5 6 7
1 1 1 1 4
5 3 10 5
0 2 3 5 7
2 1 1 1 4
5 3 10 5
0 2 3 4 7
2 1 1 1 4
1 0 1000000000 1
1
50
5 2 564115124 225
564094289 564097872 564108410 564109944 564111499
92 76 29 24 17
8 3 245292495 409
245254029 245257480 245258129 245258484 245261912 245267425 245271043 245284836
96 25 51 36 47 42 2 8
2 2 61097369 10
61097072 61097124
69 56
1 1 1000000000 1000
999900000
100
9 2 30796631 505
30755235 30759785 30763146 30765739 30773561 30782795 30783276 30788511 30790717
90 95 96 73 29 84 30 87 49
2 1 238369752 556
238329243 238362890
41 94
9 1 294167459 840
294097364 294110330 294112121 294123982 294133938 294134464 294163571 294164368 294165291
96 80 35 83 39 21 70 29 57
2 1 476589667 946
476523195 476561497
96 63
9 2 742008758 726
61325478 69666877 210513326 352368497 741957788 741959724 741968057 741984159 742000250
27 8 24 55 83 78 71 62 5
8 1 359993253 416
359952842 359959684 359967628 359969666 359974522 359974834 359981829 359991050
97 81 62 56 46 45 27 5
8 2 60040031 711
7585890 59978521 59982309 59989476 60002332 60006672 60012663 60013665
3 91 38 95 77 49 68 27
8 1 916433100 755
916361829 916362472 916364323 916379974 916382471 916391144 916402570 916414117
95 93 91 70 67 55 40 25
2 2 1000000000 1000
1 999999999
100 1
10 3 485509069 73
485502496 485503545 485503916 485504208 485504703 485504892 485504914 485505643 485506563 485507252
94 39 22 21 39 7 74 79 27 41
2 1 633216350 228
633201817 633208700
84 31
8 2 992106927 697
992047890 992055155 992058102 992060598 992078877 992080527 992096116 992097460
96 6 46 30 89 65 6 19
8 2 825710955 115
285352190 825703639 825704343 825706245 825708284 825708288 825709636 825710543
62 47 59 26 23 18 44 1
3 2 579672478 357
579638235 579640668 579666896
97 96 97
2 1 918761239 912
918694787 918733858
87 22
4 3 484494208 424
484455499 484456932 484467543 484471963
98 100 81 63
3 2 288740063 752
288681930 288726642 288732287
88 38 3
9 1 925339072 141
4185367 223466298 376211136 591250093 925328710 925330805 925332992 925335886 925335907
16 96 19 6 13 58 4 6 5
8 3 14051289 851
2000941 14004714 14016474 14022393 14032857 14034737 14044408 14044564
53 80 7 5 17 1 7 5
9 1 615315193 218
18758500 615301079 615301153 615305604 615306108 615306358 615309616 615310603 615314973
99 35 91 30 28 22 66 11 1
9 1 232343247 91
232334492 232337717 232338697 232339972 232340646 232340655 232340881 232341181 232341572
96 60 49 35 28 28 25 22 18
5 1 260187146 433
260151112 260154184 260166829 260181916 260184247
94 77 8 12 5
9 2 570719700 419
67588292 71760876 570696683 570697521 570701724 570702666 570704597 570705370 570718947
41 29 1 37 38 3 82 33 1
3 3 528907942 945
528820490 528833664 528906580
98 53 49
5 2 7610281 923
7518644 7554899 7575244 7596195 7602743
100 49 18 11 2
8 2 150041374 503
149997822 150010377 150011150 150011857 150019390 150028775 150037892 150038033
86 61 60 58 44 25 6 6
8 3 95935277 679
95877579 95879917 95885437 95885900 95904764 95906743 95914676 95921282
84 81 73 72 44 43 31 20
10 2 578735237 152
34674817 76203817 578724766 578725157 578729145 578729450 578730706 578731812 578733174 578734326
100 100 69 67 41 38 29 23 13 5
9 3 990526873 532
990476372 990481313 990483788 990485520 990495795 990501699 990503585 990507842 990519026
99 3 65 92 64 57 96 73 24
3 3 590923839 386
590906793 590919429 590920471
45 12 9
7 3 702219316 929
702130783 702133695 702137895 702165493 702167556 702197948 702202732
96 93 88 58 56 23 18
2 2 245226015 463
245194913 245208251
75 55
5 1 314421483 320
77265066 314406749 314409692 314415547 314419538
100 46 36 18 6
2 2 89102616 942
89053073 89080389
53 23
6 2 148740651 385
148705773 148708997 148711317 148712994 148718075 148731231
1 98 1 57 23 24
5 1 810098919 415
810060582 810066473 810067549 810081680 810097979
92 78 75 41 3
4 3 594724015 311
594704883 594705304 594709606 594713995
62 61 47 33
9 1 874640159 750
102451196 874570231 874570486 874581215 874593365 874619752 874624285 874624960 874628942
100 94 93 79 62 27 22 21 15
2 1 763126726 962
763033409 763065625
98 63
6 2 495384672 222
495365972 495376813 495377004 495381339 495382308 495383891
87 49 85 8 39 2
8 2 652313836 720
652246075 652248460 652261311 652263635 652287622 652287650 652298632 652298721
95 91 73 69 36 36 21 20
8 3 170736938 339
20589176 170709430 170710438 170712313 170712576 170725276 170728030 170735635
100 12 16 9 83 1 11 1
7 1 773546699 197
773528896 773532500 773538404 773542851 773542895 773543648 773545878
92 87 48 42 88 91 56
3 3 471390236 347
471364564 471375409 471378203
90 78 83
5 2 254381418 387
74800276 254349094 254353234 254358150 254368590
21 84 50 99 69
2 2 326184560 662
326165701 326173215
29 18
4 3 842527474 679
157822492 842479874 842494706 842501810
86 94 67 55
9 3 31439873 966
31369384 31374968 31378850 31403979 31406103 31411066 31411511 31417314 31421104
73 67 63 37 35 29 29 23 19
2 1 659903971 569
659887673 659888640
29 27
8 3 531050245 3
531049971 531049996 531050076 531050127 531050140 531050187 531050188 531050232
92 82 57 39 34 19 18 4
4 2 499966928 856
499899681 499900130 499910144 499911486
79 78 67 64
3 1 515072805 722
515031595 515060964 515070943
43 5 1
3 1 212589587 339
3728785 212587040 212587113
62 59 47
2 1 740399221 781
740341974 740377616
81 18
4 2 283727988 949
283657430 283663267 283663381 283689437
75 69 68 41
6 3 94433111 91
1719754 94428996 94429124 94430592 94430723 94432308
87 4 98 4 4 5
3 3 451810752 633
451757708 451769141 451785446
84 66 40
8 3 356669271 725
1746190 356619304 356622331 356633299 356638515 356644936 356660743 356665810
80 13 14 33 29 19 47 34
5 2 761227549 523
761184558 761184984 761188892 761190377 761197781
33 86 92 82 78
4 3 83997197 551
11530075 83968649 83969988 83980651
100 52 50 30
7 1 716814328 642
91177247 164789976 716765477 716773820 716783885 716796402 716798618
70 24 28 15 23 5 15
1 1 1000000000 1000
999899999
100
7 3 917143376 487
917095155 917095428 917098968 917114077 917117582 917126341 917137915
100 33 100 16 92 75 21
9 3 452257853 198
105832381 452247469 452247761 452252819 452252953 452253149 452253247 452253726 452256881
100 53 51 25 24 23 23 20 4
2 2 132825171 832
132796283 132823608
92 3
7 2 218684976 495
218638272 218640417 218643280 218657448 218673715 218673993 218675453
47 99 32 37 2 78 89
3 2 372028183 176
372017794 372021188 372027730
95 36 91
3 2 512927303 747
512869160 512878482 512908208
78 74 18
6 1 77102773 54
77097807 77098171 77099245 77099931 77101439 77101608
98 58 54 17 9 15
6 1 364863924 718
56839392 364840469 364844376 364846322 364852052 364852373
100 33 27 24 16 16
6 2 280768200 557
153158160 187259100 191156679 202123860 214699109 280742874
62 71 83 16 30 100
3 3 817411130 232
817390726 817394465 817410891
88 71 1
4 1 905999382 500
380528135 558036226 580515906 634447701
27 48 40 90
2 2 232464982 848
232397956 232436201
80 34
6 3 736009789 893
735924272 735932009 735933583 735943431 735978946 736001650
96 87 85 74 35 9
2 1 287304281 34
185477006 287303358
69 100
4 2 780338731 543
780285807 780300160 780324890 780334373
100 8 18 7
5 3 759520446 862
759435034 759449727 759457744 759475900 759497369
26 45 53 86 68
4 1 483897274 977
483801815 483810916 483840883 483843927
99 6 92 9
10 2 106325328 330
106299135 106300308 106301246 106302416 106304944 106308795 106312296 106319927 106322435 106322898
88 86 78 70 69 77 63 31 39 24
4 1 617551834 640
20788759 617511500 617524760 617543140
94 76 37 9
5 3 789189511 942
789102402 789111857 789114544 789150841 789158858
28 76 88 22 13
9 1 3882488 217
3861033 3862683 3864251 3864307 3865608 3872992 3876018 3878408 3879214
16 99 50 91 49 45 12 78 5
2 1 53059404 662
52999880 53026353
90 50
8 2 639763791 56
639758448 639759829 639759905 639761265 639762234 639762255 639762630 639763152
49 1 85 15 10 56 76 65
2 2 998924421 394
184479724 998919114
43 97
7 2 714614363 471
714569107 714579989 714585581 714592380 714593710 714607548 714612105
99 92 22 32 35 5 96
3 2 308687905 472
78294147 308664248 308667442
90 94 57
4 3 663288587 912
663199357 663222412 663234298 663259299
100 5 75 4
6 3 637587906 276
637567405 637571649 637576785 637577727 637583324 637586294
75 58 40 36 16 5
4 1 165960134 550
165918618 165920697 165947399 165957468
76 71 23 5
7 3 9114464 440
197180 9073853 9082857 9085388 9090472 9106129 9112665
7 94 6 8 67 51 18
