145
T 3 0.185674 0.386869 92.750000
T 3 0.181736 0.365215 90.700000
T 3 0.168355 0.268478 79.700000
T 3 0.053917 0.094499 67.990000
T 3 0.128043 0.223312 77.830000
T 3 0.029569 0.048542 63.430000
T 3 0.086612 0.150674 72.180000
T 3 0.023276 0.038178 62.620000
T 3 0.109217 0.177458 72.980000
T 3 0.108523 0.177393 73.110000
T 3 0.137008 0.267289 82.660000
T 3 0.148988 0.293746 84.850000
T 3 0.124786 0.214304 76.890000
T 3 0.100364 0.153299 68.980000
T 3 0.238153 0.392476 90.320000
T 3 0.213544 0.353725 87.280000
T 3 0.096811 0.146026 67.140000
T 3 0.093856 0.142440 67.490000
T 3 0.182172 0.381658 92.380000
T 4 0.260985 0.633643 167.270000
T 3 0.110384 0.202455 76.900000
T 3 0.111828 0.204684 77.050000
S 4 0.042928 0.055372 94.820000
S 4 0.033615 0.060028 96.450000
S 4 0.063874 0.030156 94.700000
S 4 0.058362 0.018082 91.820000
S 4 0.039908 0.027805 93.050000
S 4 0.047930 0.022200 92.680000
S 4 0.057539 0.025503 92.660000
S 4 0.052110 0.041051 93.160000
S 4 0.035054 0.024577 93.360000
S 4 0.025993 0.023073 92.960000
S 4 0.078793 0.014499 91.470000
S 4 0.073569 0.015603 91.710000
S 4 0.028647 0.079936 99.090000
S 4 0.021798 0.071791 98.670000
S 4 0.017872 0.023206 91.750000
S 4 0.013345 0.017956 91.540000
S 4 0.038803 0.022240 91.910000
S 4 0.036914 0.023613 92.170000
N 8 0.136989 0.544977 102.450000
N 7 0.772218 0.268068 108.430000
R 4 0.153436 0.071218 98.970000
R 4 0.136141 0.056240 97.120000
R 4 0.401210 0.119871 103.790000
R 4 0.296362 0.113882 105.500000
R 4 0.235267 0.039462 95.830000
R 4 0.227376 0.023098 93.600000
R 4 0.307113 0.069667 96.270000
R 4 0.255697 0.055740 95.590000
R 4 0.291163 0.130177 104.080000
R 4 0.262919 0.113166 101.140000
R 4 0.192583 0.055938 95.610000
R 4 0.126811 0.036312 93.290000
R 4 0.180334 0.120143 103.370000
R 4 0.201060 0.024746 92.290000
R 4 0.139160 0.113568 101.320000
R 4 0.177618 0.026062 93.740000
R 4 0.168460 0.021406 93.290000
R 4 0.135047 0.019257 92.380000
N 8 0.272300 0.553201 96.830000
R 4 0.172724 0.059333 95.340000
R 4 0.149669 0.057137 95.710000
R 4 0.330234 0.078437 101.920000
R 4 0.278586 0.019696 91.720000
R 4 0.223811 0.064512 98.140000
R 4 0.481931 0.011479 91.480000
R 4 0.256086 0.026659 92.610000
R 4 0.446427 0.019554 92.400000
R 4 0.198255 0.093831 99.020000
R 4 0.166010 0.093959 98.440000
R 4 0.412905 0.084180 99.280000
R 4 0.246556 0.019278 92.410000
R 4 0.220752 0.019508 92.560000
R 4 0.392932 0.084179 99.480000
T 3 0.052212 0.088776 67.110000
T 3 0.034534 0.059243 65.000000
T 3 0.258837 0.440412 94.750000
T 3 0.051057 0.082761 65.660000
T 3 0.195655 0.390614 92.660000
T 3 0.235463 0.415729 93.280000
T 3 0.078104 0.124370 68.340000
T 3 0.140175 0.256303 81.060000
N 6 0.135752 0.752739 96.720000
T 3 0.084800 0.129110 66.110000
T 3 0.074772 0.122740 69.020000
T 3 0.192149 0.304488 82.430000
T 3 0.206529 0.316565 82.580000
T 3 0.262801 0.408587 90.500000
T 3 0.258256 0.408713 90.880000
N 6 0.144450 0.777618 98.070000
T 3 0.145292 0.269122 82.230000
T 3 0.149534 0.260638 80.740000
T 3 0.079135 0.125617 68.320000
T 3 0.055604 0.097021 68.120000
T 3 0.058868 0.095385 66.610000
T 3 0.186623 0.376967 91.680000
T 3 0.322900 0.441202 89.470000
T 3 0.178349 0.364181 90.760000
T 3 0.055160 0.093414 67.400000
T 3 0.278823 0.402316 87.990000
N 6 0.178048 0.711127 97.550000
T 3 0.201138 0.407543 94.160000
T 3 0.078605 0.139302 71.570000
T 3 0.197591 0.401292 93.680000
T 3 0.092378 0.157601 72.410000
T 3 0.128728 0.198631 73.210000
T 3 0.241830 0.559286 107.400000
T 3 0.060518 0.106504 68.960000
T 3 0.237598 0.551447 106.790000
T 3 0.064343 0.113436 69.520000
T 3 0.124073 0.210186 76.340000
T 3 0.301818 0.429884 89.960000
S 4 0.048030 0.063992 96.180000
S 4 0.022906 0.075065 98.930000
S 4 0.127251 0.051830 97.160000
S 4 0.044298 0.043087 94.270000
S 4 0.049517 0.045007 94.600000
S 4 0.066653 0.048608 97.230000
S 4 0.017140 0.059671 95.700000
S 4 0.008882 0.052709 95.090000
S 4 0.062871 0.063004 95.010000
S 4 0.077068 0.077525 98.690000
S 4 0.043925 0.025895 92.750000
S 4 0.048683 0.014333 91.290000
S 4 0.030154 0.043505 94.180000
S 4 0.022048 0.036081 93.440000
S 4 0.078014 0.090622 101.010000
S 4 0.060224 0.069484 98.320000
S 4 0.031439 0.035171 92.740000
S 4 0.031302 0.034038 93.560000
S 4 0.111627 0.041529 93.810000
S 4 0.105196 0.027682 93.450000
S 4 0.033156 0.014538 91.770000
S 4 0.025730 0.021575 92.450000
S 4 0.060387 0.033771 95.040000
S 4 0.061763 0.015828 91.960000
S 4 0.039523 0.021683 93.060000
S 4 0.017966 0.011322 91.700000
S 4 0.050757 0.024064 91.910000
S 4 0.057732 0.035960 93.960000
S 4 0.081101 0.058730 96.690000
S 4 0.074242 0.054919 95.770000
N 8 0.047938 0.560843 93.850000
S 4 0.143627 0.000000 90.000000
