492 4 133 574 7 1 24 25 
133 631 2 0 25 26 
133 687 1 3 26 27 
133 743 2 4 27 26 
133 799 3 5 28 27 
133 855 4 8 29 28 
134 462 11 7 30 31 
134 518 6 0 31 24 
134 911 9 5 32 29 
134 967 8 12 33 32 
135 351 11 15 34 35 
135 407 6 10 35 30 
135 1023 16 9 36 33 
136 183 14 37 38 15 
136 239 13 15 38 39 
136 295 14 10 39 34 
135 1079 12 17 40 36 
136 1135 16 18 41 40 
137 1191 19 17 42 41 
138 1246 18 20 43 42 
140 1301 21 19 44 43 
141 1355 20 22 45 44 
143 1411 23 21 46 45 
144 1465 22 47 46 21 
216 574 25 31 0 48 
216 630 24 26 1 49 
216 687 27 25 2 50 
216 743 26 28 3 51 
216 799 27 29 4 52 
216 855 28 32 5 53 
217 461 31 35 6 58 
217 517 30 24 7 54 
217 911 29 33 8 55 
217 968 36 32 9 56 
218 349 35 39 10 62 
218 405 34 30 11 57 
217 1024 33 40 12 59 
219 181 38 13 64 65 
219 237 37 39 14 65 
219 293 38 34 15 61 
218 1080 36 41 16 60 
219 1136 40 42 17 63 
220 1192 43 41 18 66 
221 1247 42 44 19 67 
223 1302 45 43 20 68 
224 1357 44 46 21 69 
225 1413 47 45 22 70 
227 1467 46 23 71 70 
300 572 54 49 24 76 
300 629 50 48 72 25 
300 685 49 51 73 26 
300 742 52 50 27 77 
300 798 51 53 74 28 
300 855 55 52 29 78 
301 516 48 58 31 75 
301 911 53 56 32 79 
301 968 55 59 33 80 
302 403 58 62 81 35 
302 459 57 54 82 30 
302 1025 60 56 83 36 
302 1081 59 63 84 40 
303 291 62 65 85 39 
303 347 61 57 86 34 
303 1137 60 66 87 41 
304 178 65 91 37 88 
304 235 61 64 88 38 
304 1193 67 63 89 42 
305 1248 66 68 90 43 
306 1304 69 67 44 92 
307 1359 68 70 45 93 
309 1414 71 69 94 46 
310 1469 70 47 95 94 
384 628 73 76 49 97 
384 685 72 77 50 98 
384 799 78 77 52 99 
385 514 82 76 54 103 
385 571 75 72 48 96 
385 742 73 74 51 99 
385 855 74 79 53 100 
385 912 78 80 55 101 
385 969 83 79 56 104 
386 402 82 86 57 106 
386 458 81 75 58 102 
386 1025 80 84 59 105 
386 1082 87 83 60 107 
387 289 88 86 61 108 
387 346 81 85 62 106 
387 1138 84 89 63 109 
388 233 91 85 65 111 
388 1194 90 87 66 109 
388 1250 92 89 67 110 
389 177 88 64 112 65 
390 1305 90 93 68 113 
391 1361 92 94 69 114 
392 1417 95 93 70 115 
394 1472 94 71 116 115 
474 572 103 97 76 120 
473 639 98 96 72 121 
473 705 97 99 73 122 
473 772 100 98 77 74 
473 838 99 101 78 124 
473 905 104 100 79 125 
475 440 106 103 82 128 
474 506 96 102 75 119 
474 971 105 101 80 126 
474 1037 104 107 83 127 
475 374 102 108 86 81 
475 1103 109 105 84 129 
476 308 111 106 85 133 
476 1169 110 107 89 131 
476 1234 109 113 90 132 
477 243 108 112 88 137 
478 177 111 91 136 88 
478 1300 114 110 92 134 
479 1365 115 113 93 138 
480 1429 114 116 94 139 
482 1493 117 115 95 140 
483 1557 116 118 141 140 
485 1621 117 135 141 116 
569 505 120 128 103 148 
569 571 119 121 96 149 
568 638 122 120 97 142 
568 705 123 121 98 143 
568 772 124 122 99 144 
568 838 123 125 100 145 
568 905 126 124 101 146 
569 971 125 127 104 147 
569 1038 129 126 105 150 
570 439 130 119 102 153 
569 1104 127 131 107 151 
571 373 133 128 152 106 
570 1170 129 132 109 154 
571 1236 131 134 155 110 
571 307 130 137 108 156 
572 1302 138 132 157 113 
575 1623 141 118 164 117 
573 175 137 112 160 158 
572 241 136 133 111 158 
573 1366 134 139 114 159 
574 1431 140 138 115 161 
575 1495 139 141 116 162 
577 1559 135 140 117 163 
664 638 143 149 121 165 
664 705 144 142 122 166 
664 771 143 145 123 167 
664 838 144 146 124 168 
664 905 147 145 125 169 
664 972 146 150 126 170 
665 505 149 153 119 173 
665 571 148 142 120 174 
664 1039 151 147 127 171 
665 1105 154 150 129 172 
666 372 153 156 130 177 
666 438 152 148 128 178 
665 1171 151 155 131 175 
666 1237 157 154 132 176 
667 306 152 158 133 180 
666 1303 159 155 134 179 
668 240 160 156 137 183 
667 1368 157 161 138 181 
669 174 158 136 182 183 
669 1433 162 159 184 139 
670 1498 163 161 185 140 
671 1561 162 164 141 186 
672 1625 163 187 135 186 
761 637 174 166 142 196 
761 704 167 165 143 197 
761 771 166 168 144 190 
760 838 169 167 145 191 
760 905 170 168 146 192 
760 972 169 171 147 192 
761 1039 172 170 150 193 
761 1106 175 171 151 194 
762 504 174 178 148 201 
761 570 173 165 149 195 
761 1172 172 176 154 198 
762 1238 179 175 155 199 
763 371 178 180 152 200 
763 437 177 173 153 200 
762 1304 181 176 157 202 
764 305 183 177 156 203 
763 1369 179 184 159 189 
765 173 183 160 204 158 
764 239 180 182 158 205 
764 1434 181 185 161 188 
765 1499 186 184 162 188 
766 1563 187 185 163 206 
767 1626 186 164 207 163 
858 1464 189 206 184 185 
860 1393 188 202 181 184 
861 782 191 197 167 210 
861 858 190 192 168 211 
861 935 191 193 169 212 
861 1012 194 192 171 213 
861 1089 198 193 172 208 
862 552 196 201 174 218 
862 629 197 195 165 219 
862 705 196 190 166 209 
862 1165 199 194 175 214 
862 1240 198 202 176 215 
863 399 203 201 177 178 
863 475 200 195 173 217 
863 1315 199 189 179 216 
864 324 200 205 180 222 
865 173 205 182 226 183 
865 248 204 203 183 227 
865 1538 207 188 186 224 
866 1611 206 187 225 186 
967 1090 214 213 194 231 
968 706 210 219 197 239 
968 782 209 211 190 240 
968 859 212 210 228 191 
968 936 211 213 229 192 
968 1013 212 208 230 193 
968 1166 215 208 232 198 
968 1241 214 216 199 233 
968 1316 215 220 202 234 
969 475 223 218 201 242 
969 552 219 217 195 243 
969 629 218 209 196 244 
969 1392 221 216 235 189 
969 1466 220 224 236 188 
970 323 227 223 203 247 
970 399 222 217 241 200 
970 1540 225 221 237 206 
970 1613 224 238 207 237 
971 173 227 204 245 205 
971 248 226 222 205 246 
1074 859 229 240 211 258 
1074 936 228 230 212 259 
1074 1013 231 229 213 260 
1074 1090 232 230 208 252 
1074 1166 233 231 214 253 
1074 1242 234 232 215 254 
1074 1317 233 235 216 255 
1074 1393 236 234 220 248 
1074 1467 237 235 221 249 
1074 1541 238 236 224 250 
1074 1614 237 225 251 224 
1075 705 244 240 209 256 
1075 782 239 228 210 257 
1076 399 242 247 223 267 
1076 475 241 243 217 261 
1076 551 242 244 262 218 
1076 629 239 243 219 263 
1077 173 246 226 264 227 
1077 248 245 247 227 265 
1077 323 246 241 222 266 
1180 1394 249 255 235 270 
1180 1468 250 248 236 268 
1180 1542 251 249 237 268 
1180 1615 250 238 269 237 
1181 1090 253 260 231 273 
1181 1167 254 252 232 273 
1181 1243 255 253 233 271 
1181 1318 254 248 234 272 
1182 706 257 263 239 274 
1182 782 256 258 240 274 
1182 859 259 257 228 275 
1182 936 258 260 229 276 
1182 1013 259 252 230 277 
1183 475 262 267 242 281 
1183 551 261 263 243 282 
1183 629 256 262 244 283 
1184 172 265 245 278 246 
1184 248 266 264 246 279 
1184 323 265 267 247 280 
1184 399 266 261 241 280 
1294 1509 269 270 250 249 
1293 1600 268 251 284 250 
1294 1416 268 272 248 286 
1296 1228 272 273 254 287 
1295 1322 271 270 255 288 
1297 1133 271 277 253 252 
1298 748 283 275 257 256 
1298 844 274 276 258 299 
1297 941 277 275 259 290 
1297 1037 276 273 260 291 
1299 177 279 264 292 265 
1299 271 278 280 265 293 
1299 365 279 281 267 266 
1299 461 280 282 261 295 
1299 557 283 281 262 296 
1298 652 282 274 263 297 
1416 1600 285 269 268 300 
1417 1509 284 286 300 268 
1418 1416 285 288 301 303 
1421 1228 288 289 305 304 
1420 1322 287 286 302 303 
1421 1132 291 287 307 306 
1423 941 291 299 311 312 
1422 1037 289 290 313 306 
1423 178 293 308 309 278 
1423 272 292 294 310 309 
1423 366 293 295 314 315 
1423 461 294 296 316 317 
1424 557 295 297 318 317 
1423 653 298 296 319 320 
1423 748 297 299 321 322 
1423 844 298 290 323 322 
1525 1483 301 324 325 285 
1526 1427 303 300 325 324 
1528 1314 304 303 327 326 
1527 1371 301 302 326 325 
1529 1258 305 302 328 327 
1529 1202 304 307 329 328 
1531 1087 313 307 336 331 
1530 1145 305 306 331 329 
1531 172 309 330 332 292 
1532 229 310 308 332 330 
1532 285 309 314 333 332 
1531 914 323 312 347 346 
1531 972 311 313 334 335 
1531 1030 306 312 335 336 
1532 342 310 315 337 333 
1532 399 316 314 338 337 
1532 455 315 317 339 338 
1532 512 316 318 340 339 
1532 569 317 319 341 340 
1532 627 318 320 342 341 
1532 685 321 319 343 344 
1532 742 320 322 344 343 
1532 800 323 321 345 344 
1532 857 322 311 346 345 
1612 1482 325 348 300 301 
1613 1426 326 324 349 301 
1614 1370 327 325 350 303 
1615 1314 326 328 302 351 
1616 1257 329 327 352 304 
1617 1201 328 331 353 305 
1619 174 332 355 308 309 
1618 1144 336 329 354 307 
1619 230 330 333 309 356 
1620 286 332 337 359 310 
1620 972 347 335 371 312 
1619 1030 336 334 313 357 
1619 1087 335 331 358 306 
1620 343 333 338 360 314 
1620 400 339 337 361 315 
1621 456 338 340 362 316 
1621 513 339 341 363 317 
1621 570 340 342 364 318 
1621 628 341 343 365 319 
1620 686 344 342 366 320 
1620 743 343 345 367 321 
1620 800 346 344 368 322 
1620 857 345 347 369 323 
1620 915 334 346 370 311 
1698 1481 349 372 324 325 
1699 1425 350 348 325 373 
1700 1369 349 351 374 326 
1702 1313 352 350 375 327 
1703 1257 351 353 376 328 
1704 1200 354 352 377 329 
1705 1144 353 358 331 378 
1706 175 356 379 330 332 
1706 231 355 359 332 380 
1707 1030 358 371 384 335 
1706 1087 357 354 385 336 
1707 288 360 356 381 333 
1707 344 359 361 337 386 
1707 401 362 360 382 338 
1707 457 361 363 339 387 
1708 514 362 364 340 388 
1707 571 363 365 341 389 
1708 629 366 364 390 342 
1707 686 367 365 343 391 
1707 743 366 368 344 392 
1707 801 369 367 393 345 
1707 858 368 370 394 346 
1707 915 369 371 395 347 
1707 972 370 357 383 334 
1783 1479 373 348 396 349 
1785 1424 372 374 397 349 
1786 1368 373 375 350 398 
1788 1312 376 374 351 399 
1789 1256 375 377 352 400 
1791 1200 376 378 401 353 
1792 1143 385 377 403 354 
1792 177 380 355 402 356 
1793 233 379 381 404 356 
1793 290 386 380 359 405 
1794 402 386 387 361 409 
1794 972 395 384 371 419 
1794 1030 385 383 408 357 
1793 1087 378 384 406 358 
1794 346 382 381 407 360 
1794 459 382 388 410 362 
1795 516 389 387 411 363 
1795 573 388 390 412 364 
1795 630 389 391 413 365 
1795 687 390 392 414 366 
1795 744 391 393 415 367 
1794 801 394 392 368 416 
1794 858 393 395 369 417 
1794 915 394 383 370 418 
1869 1477 397 420 372 373 
1870 1422 396 398 421 373 
1872 1367 397 399 422 374 
1874 1311 400 398 423 375 
1875 1255 399 401 424 376 
1877 1199 403 400 425 377 
1878 179 404 426 379 380 
1878 1143 406 401 427 378 
1879 236 405 402 428 380 
1880 291 404 407 429 381 
1879 1087 403 408 430 385 
1880 348 409 405 431 386 
1880 1030 406 419 434 384 
1881 404 410 407 432 382 
1881 460 409 411 433 387 
1881 517 410 412 435 388 
1881 574 411 413 436 389 
1881 631 412 414 437 390 
1881 688 413 415 438 391 
1881 745 414 416 439 392 
1881 802 417 415 440 393 
1881 858 416 418 441 394 
1881 915 417 419 442 395 
1881 972 418 408 443 383 
1953 1476 421 396 444 397 
1954 1421 420 422 445 397 
1956 1365 423 421 398 446 
1958 1310 422 424 399 447 
1959 1254 425 423 400 448 
1961 1199 424 427 401 449 
1963 181 428 402 450 404 
1963 1143 425 430 403 451 
1964 238 429 426 452 404 
1964 294 428 431 405 454 
1964 1086 434 427 453 406 
1965 350 432 429 407 455 
1965 406 431 433 409 457 
1966 462 435 432 410 458 
1965 1030 430 443 408 456 
1966 518 433 436 411 459 
1966 575 435 437 412 460 
1966 632 436 438 413 461 
1966 689 437 439 414 462 
1966 746 440 438 415 465 
1966 802 439 441 416 463 
1966 859 440 442 417 466 
1966 916 443 441 418 467 
1966 972 442 434 419 464 
2037 1474 445 468 420 421 
2038 1420 444 446 469 421 
2041 1364 447 445 470 422 
2043 1309 446 448 471 423 
2044 1253 447 449 472 424 
2046 1197 451 448 473 425 
2048 184 452 475 426 428 
2048 1142 449 453 474 427 
2049 240 454 450 477 428 
2049 1085 456 451 476 430 
2050 296 455 452 478 429 
2050 352 454 457 480 431 
2050 1029 453 464 479 434 
2051 408 458 455 481 432 
2051 464 457 459 482 433 
2051 520 458 460 483 435 
2051 576 459 461 484 436 
2051 633 460 462 485 437 
2051 690 465 461 486 438 
2051 803 466 465 488 440 
2051 972 467 456 491 443 
2052 746 462 463 487 439 
2052 859 463 467 489 441 
2052 916 464 466 490 442 
2119 1473 469 444 445 470 
2121 1418 468 470 445 446 
2124 1363 471 469 446 447 
2126 1308 470 472 447 448 
2127 1252 473 471 448 449 
2129 1197 472 474 449 451 
2131 1141 476 473 451 453 
2132 187 477 450 452 478 
2132 1085 479 474 453 456 
2133 243 478 475 452 454 
2133 298 477 480 454 455 
2133 1029 476 491 456 464 
2134 354 481 478 455 457 
2134 410 480 482 457 458 
2134 466 481 483 458 459 
2135 522 484 482 459 460 
2135 578 483 485 460 461 
2135 635 486 484 461 462 
2135 691 485 487 462 465 
2135 747 486 488 465 463 
2135 803 489 487 463 466 
2135 859 488 490 466 467 
2135 916 491 489 467 466 
2134 972 490 479 464 467 
