0; 0; 3500
null
0; 1; 2426
[0, 29, 7, 15, 18, 22, 37, 36, 5, 35, 16, 24, 14, 27, 8, 32, 31, 10, 4, 1, 19, 33, 20, 25, 3, 2, 30, 12, 11, 39, 26, 38, 28, 6, 17, 23, 13, 34, 9, 21, 0]
0; 2; 2281
[0, 29, 7, 15, 18, 22, 37, 36, 5, 35, 16, 8, 27, 10, 31, 32, 24, 14, 13, 23, 1, 4, 19, 33, 20, 25, 3, 2, 17, 12, 11, 39, 26, 30, 6, 28, 38, 9, 21, 34, 0]
0; 3; 2302
[0, 29, 7, 15, 18, 22, 37, 14, 24, 16, 35, 5, 36, 27, 8, 32, 31, 10, 4, 1, 19, 33, 20, 25, 3, 2, 17, 23, 13, 34, 21, 9, 38, 28, 6, 30, 12, 11, 39, 26, 0]
0; 4; 2212
[0, 29, 7, 15, 18, 22, 37, 36, 5, 35, 16, 27, 8, 32, 14, 24, 31, 10, 4, 19, 25, 20, 33, 1, 23, 13, 34, 21, 9, 38, 28, 6, 2, 3, 17, 12, 30, 26, 39, 11, 0]
0; 5; 2249
[0, 29, 7, 15, 18, 22, 37, 36, 5, 35, 16, 27, 8, 32, 31, 10, 14, 24, 34, 21, 9, 23, 13, 1, 19, 4, 33, 20, 25, 3, 28, 38, 6, 2, 17, 30, 12, 11, 26, 39, 0]
0; 6; 2209
[0, 29, 7, 15, 18, 22, 37, 36, 5, 35, 16, 24, 14, 10, 31, 32, 8, 27, 34, 21, 9, 38, 28, 6, 23, 13, 1, 4, 19, 33, 20, 25, 3, 2, 17, 12, 30, 26, 39, 11, 0]
0; 7; 2194
[0, 29, 7, 15, 18, 22, 37, 36, 5, 35, 16, 24, 14, 31, 10, 32, 8, 27, 34, 21, 9, 38, 28, 6, 23, 13, 1, 19, 4, 33, 20, 25, 3, 2, 17, 12, 30, 26, 11, 39, 0]
0; 8; 2180
[0, 29, 7, 15, 18, 22, 37, 36, 5, 35, 16, 24, 14, 10, 31, 32, 8, 27, 34, 21, 9, 38, 28, 6, 23, 13, 1, 19, 4, 33, 20, 25, 3, 2, 17, 11, 12, 30, 26, 39, 0]
0; 9; 2158
[0, 29, 7, 15, 18, 21, 9, 34, 22, 37, 36, 5, 35, 16, 27, 8, 32, 10, 31, 24, 14, 13, 23, 1, 19, 4, 33, 20, 25, 3, 2, 17, 12, 30, 26, 39, 11, 6, 28, 38, 0]
0; 10; 2187
[0, 29, 7, 15, 18, 22, 37, 36, 5, 35, 16, 27, 8, 32, 31, 10, 24, 14, 13, 23, 1, 19, 4, 33, 20, 25, 3, 2, 17, 12, 11, 39, 26, 30, 6, 28, 38, 9, 21, 34, 0]
1; 0; 3500
null
1; 1; 2529
[0, 26, 11, 39, 12, 30, 6, 28, 2, 17, 3, 1, 23, 13, 4, 19, 33, 20, 25, 10, 31, 32, 8, 27, 36, 35, 5, 37, 18, 21, 34, 14, 24, 16, 22, 9, 38, 29, 15, 7, 0]
1; 2; 2272
[0, 29, 7, 15, 18, 22, 37, 36, 27, 8, 32, 31, 10, 14, 24, 35, 16, 5, 34, 21, 9, 38, 28, 6, 1, 19, 33, 20, 25, 4, 13, 23, 3, 2, 17, 12, 30, 26, 39, 11, 0]
1; 3; 2305
[0, 29, 7, 15, 18, 22, 37, 36, 5, 35, 27, 8, 32, 31, 10, 14, 24, 16, 34, 6, 28, 38, 9, 21, 23, 13, 1, 4, 19, 33, 20, 25, 3, 2, 17, 12, 30, 26, 11, 39, 0]
1; 4; 2219
[0, 29, 7, 15, 18, 22, 37, 36, 5, 35, 16, 27, 8, 32, 14, 24, 31, 10, 25, 20, 33, 19, 4, 1, 23, 13, 34, 21, 9, 28, 38, 6, 2, 3, 17, 12, 30, 26, 39, 11, 0]
1; 5; 2224
[0, 29, 7, 15, 18, 21, 9, 34, 22, 37, 5, 35, 16, 36, 27, 8, 32, 31, 10, 14, 24, 13, 23, 1, 19, 4, 33, 25, 20, 3, 2, 17, 30, 12, 11, 39, 26, 6, 28, 38, 0]
1; 6; 2217
[0, 29, 7, 15, 18, 21, 22, 37, 36, 5, 35, 16, 24, 14, 32, 8, 27, 31, 10, 4, 19, 33, 20, 25, 1, 23, 13, 34, 9, 28, 38, 6, 2, 3, 17, 12, 30, 11, 39, 26, 0]
1; 7; 2303
[0, 29, 7, 15, 18, 22, 37, 36, 5, 35, 16, 24, 14, 32, 8, 27, 31, 10, 4, 19, 33, 20, 25, 1, 23, 13, 34, 21, 9, 38, 28, 6, 2, 3, 11, 12, 17, 30, 26, 39, 0]
1; 8; 2239
[0, 29, 7, 15, 18, 21, 34, 22, 37, 36, 5, 27, 8, 32, 31, 10, 4, 19, 33, 20, 25, 1, 23, 13, 14, 24, 16, 35, 9, 38, 28, 6, 2, 3, 17, 12, 30, 26, 11, 39, 0]
1; 9; 2150
[0, 29, 7, 15, 18, 21, 9, 34, 22, 37, 5, 35, 16, 36, 27, 8, 32, 31, 10, 14, 24, 13, 23, 1, 4, 19, 33, 20, 25, 3, 2, 17, 12, 11, 39, 26, 30, 6, 28, 38, 0]
1; 10; 2207
[0, 29, 7, 15, 18, 22, 37, 36, 5, 35, 16, 24, 27, 8, 32, 31, 10, 4, 19, 33, 20, 25, 1, 23, 13, 14, 34, 21, 9, 38, 28, 6, 30, 12, 2, 3, 17, 11, 39, 26, 0]
2; 0; 3500
null
2; 1; 2546
[0, 15, 7, 21, 18, 37, 22, 13, 23, 1, 20, 33, 25, 19, 4, 10, 31, 32, 8, 27, 16, 5, 35, 36, 24, 14, 34, 9, 28, 38, 6, 17, 2, 3, 26, 39, 11, 12, 30, 29, 0]
2; 2; 2318
[0, 29, 7, 15, 18, 22, 37, 35, 5, 36, 27, 8, 32, 31, 10, 14, 24, 16, 34, 21, 9, 38, 28, 6, 3, 25, 20, 33, 19, 4, 1, 23, 13, 2, 17, 11, 12, 30, 26, 39, 0]
2; 3; 2286
[0, 29, 7, 15, 18, 34, 22, 5, 35, 16, 36, 37, 27, 8, 32, 31, 10, 14, 24, 13, 23, 1, 4, 19, 20, 33, 25, 3, 2, 17, 12, 11, 39, 26, 30, 6, 28, 38, 9, 21, 0]
2; 4; 2258
[0, 29, 7, 15, 18, 21, 9, 34, 22, 16, 35, 5, 36, 37, 27, 8, 10, 31, 32, 24, 14, 13, 23, 1, 4, 19, 33, 20, 25, 17, 2, 3, 28, 38, 6, 30, 12, 11, 39, 26, 0]
2; 5; 2274
[0, 29, 7, 15, 18, 22, 37, 36, 5, 35, 16, 24, 27, 8, 32, 31, 10, 14, 13, 23, 1, 19, 4, 33, 20, 25, 3, 2, 17, 12, 30, 26, 39, 11, 6, 28, 38, 9, 21, 34, 0]
2; 6; 2248
[0, 29, 7, 15, 18, 22, 37, 36, 35, 16, 5, 24, 14, 32, 8, 27, 31, 10, 4, 19, 33, 20, 25, 1, 23, 13, 34, 21, 9, 38, 28, 6, 2, 3, 17, 12, 30, 26, 39, 11, 0]
2; 7; 2233
[0, 29, 9, 38, 28, 6, 30, 26, 39, 11, 12, 17, 2, 3, 23, 13, 1, 19, 4, 33, 20, 25, 10, 31, 32, 24, 14, 27, 8, 16, 35, 5, 36, 37, 22, 34, 21, 18, 15, 7, 0]
2; 8; 2254
[0, 29, 39, 26, 30, 12, 11, 17, 2, 3, 6, 28, 38, 9, 21, 34, 22, 5, 35, 16, 24, 14, 23, 13, 1, 19, 4, 33, 20, 25, 10, 31, 32, 8, 27, 36, 37, 18, 15, 7, 0]
2; 9; 2197
[0, 29, 7, 15, 18, 21, 9, 34, 22, 37, 36, 35, 16, 5, 27, 8, 32, 31, 10, 14, 24, 13, 23, 1, 19, 4, 33, 20, 25, 3, 2, 17, 12, 30, 26, 39, 11, 6, 28, 38, 0]
2; 10; 2243
[0, 29, 7, 15, 18, 21, 9, 34, 22, 37, 36, 5, 35, 16, 24, 8, 27, 32, 31, 10, 14, 13, 23, 1, 19, 4, 33, 20, 25, 3, 2, 17, 12, 30, 6, 28, 38, 26, 39, 11, 0]
3; 0; 3500
null
3; 1; 2368
[0, 29, 7, 15, 18, 21, 9, 34, 22, 37, 36, 5, 35, 16, 14, 24, 27, 8, 32, 31, 10, 4, 19, 33, 20, 25, 3, 2, 17, 12, 30, 26, 39, 11, 28, 38, 6, 1, 13, 23, 0]
3; 2; 2292
[0, 29, 7, 15, 18, 21, 9, 38, 28, 6, 23, 13, 1, 19, 4, 33, 20, 25, 10, 31, 32, 8, 27, 36, 37, 22, 34, 5, 35, 16, 24, 14, 3, 2, 17, 11, 12, 30, 26, 39, 0]
3; 3; 2349
[0, 38, 28, 6, 30, 26, 39, 12, 11, 17, 2, 3, 25, 20, 33, 19, 4, 1, 23, 13, 34, 9, 21, 18, 22, 5, 35, 16, 24, 14, 32, 31, 10, 8, 27, 36, 37, 15, 7, 29, 0]
3; 4; 2299
[0, 29, 7, 15, 18, 21, 9, 34, 22, 37, 5, 16, 35, 36, 27, 8, 32, 31, 10, 14, 24, 13, 23, 1, 19, 4, 33, 20, 25, 3, 30, 12, 26, 39, 11, 17, 2, 38, 28, 6, 0]
3; 5; 2235
[0, 29, 7, 15, 18, 21, 9, 34, 37, 22, 5, 35, 16, 36, 27, 8, 32, 31, 10, 14, 24, 13, 23, 1, 19, 4, 33, 20, 25, 3, 2, 17, 30, 12, 11, 39, 26, 28, 38, 6, 0]
3; 6; 2227
[0, 38, 28, 6, 30, 12, 26, 39, 11, 17, 3, 2, 23, 13, 1, 19, 4, 33, 20, 25, 10, 31, 27, 8, 32, 24, 14, 16, 35, 5, 36, 37, 22, 34, 9, 21, 18, 15, 7, 29, 0]
3; 7; 2218
[0, 29, 7, 15, 18, 21, 9, 37, 22, 34, 14, 24, 16, 35, 5, 36, 27, 8, 32, 31, 10, 13, 23, 1, 19, 4, 33, 20, 25, 3, 2, 17, 12, 11, 39, 26, 30, 38, 28, 6, 0]
