10000
10 13
1 89
8 30
3 44
9 93
7 74
3 16
2 32
3 28
6 33
3 68
9 71
6 11
1 80
7 18
10 60
2 70
9 37
5 51
8 87
7 6
8 84
4 33
9 33
10 55
8 56
9 9
8 23
3 48
1 30
10 34
1 80
4 63
3 74
1 65
10 54
10 21
8 51
5 47
8 96
6 44
5 54
9 72
9 49
6 99
10 81
2 7
2 5
5 21
3 93
1 31
10 38
3 9
2 83
10 12
9 25
3 56
6 35
9 41
1 20
3 67
3 21
9 71
5 41
4 38
1 23
6 32
2 76
5 86
5 72
3 37
5 97
5 78
4 96
3 79
7 31
6 70
4 16
1 16
10 46
3 72
8 50
7 78
3 90
10 39
9 72
2 71
6 63
1 31
6 26
6 9
5 84
2 76
10 10
6 58
10 60
9 40
4 42
9 60
9 48
1 90
10 83
3 6
7 7
8 3
5 73
6 37
5 75
3 86
10 65
10 26
5 3
9 66
1 30
5 28
4 50
6 88
4 76
6 93
8 39
2 2
9 60
2 71
4 21
10 63
1 11
8 56
4 86
1 99
3 90
8 20
4 78
9 45
10 71
2 45
1 65
6 73
6 43
7 22
5 51
4 45
7 46
4 88
1 80
10 28
7 98
8 56
10 79
7 100
5 34
8 59
7 78
3 1
1 64
10 36
9 69
3 52
5 95
2 72
9 93
10 57
2 40
8 54
4 81
4 28
7 16
4 38
8 8
3 30
4 91
5 99
1 83
6 7
4 14
4 44
5 67
4 64
6 68
9 83
8 94
3 96
2 88
5 0
4 94
9 16
2 7
10 58
10 48
5 43
8 58
4 5
3 26
3 4
8 93
5 76
7 17
9 53
9 62
4 88
7 35
8 75
6 22
10 95
10 62
7 60
7 89
10 12
1 16
9 100
1 96
2 49
2 0
9 41
6 58
1 61
4 50
7 5
7 99
6 62
3 86
4 1
8 23
4 24
1 24
6 54
10 29
2 98
1 28
1 66
2 89
9 41
3 93
8 95
1 21
4 16
1 30
7 7
2 87
9 10
6 11
3 88
8 80
1 100
9 63
4 45
3 88
7 49
5 52
9 3
2 86
5 35
7 9
1 80
3 72
10 68
2 45
8 45
6 78
7 60
9 44
1 39
8 100
2 23
8 99
10 40
10 32
2 67
7 38
5 82
1 44
6 15
7 69
8 98
8 9
9 61
1 79
4 29
1 52
8 52
8 6
3 7
6 52
10 34
7 18
2 98
3 41
1 15
6 91
9 26
1 32
2 83
5 90
8 14
9 35
10 2
8 90
10 14
5 72
8 22
10 3
10 77
9 47
7 0
1 95
3 92
1 26
9 95
3 45
6 41
9 38
4 25
5 9
4 8
4 96
3 39
10 37
5 77
9 91
8 58
7 21
6 89
4 97
5 19
9 8
9 99
9 78
2 94
8 51
8 69
10 28
7 50
3 53
1 85
4 40
2 18
8 34
1 12
3 76
8 57
2 16
10 77
3 35
6 84
7 10
1 25
3 73
2 62
1 1
2 91
5 73
10 92
7 62
1 98
5 25
6 70
2 55
10 48
6 54
9 65
6 25
5 49
1 98
8 42
6 6
3 69
9 63
1 45
7 89
8 93
1 64
4 30
4 56
3 89
3 14
10 99
9 19
2 92
8 39
1 18
4 82
3 22
5 24
4 33
4 84
2 24
6 57
4 77
7 63
10 25
2 19
3 11
5 14
9 33
6 74
1 51
1 66
8 28
4 42
3 13
7 98
10 37
9 0
1 77
1 98
6 42
8 28
7 60
1 37
3 2
1 64
1 57
6 56
7 81
4 88
4 91
5 87
10 31
7 93
4 21
6 78
6 12
4 40
6 47
9 50
9 48
1 59
1 64
4 48
6 81
5 22
1 7
8 16
1 5
4 67
2 74
6 51
4 40
3 39
3 89
5 52
3 94
5 23
2 23
5 85
5 17
8 11
3 50
2 88
10 54
2 14
10 8
8 27
9 1
2 81
9 67
2 27
6 62
4 21
2 62
8 44
2 47
9 45
2 47
1 89
4 61
9 88
2 48
9 89
9 60
6 24
4 74
1 30
6 35
3 23
5 50
2 2
10 29
3 32
2 33
8 45
5 68
1 23
5 90
2 58
5 11
10 9
5 37
10 29
3 7
2 92
10 78
1 66
7 18
9 39
1 95
9 58
6 30
4 65
9 51
6 95
5 11
1 68
7 7
5 25
4 73
5 98
7 14
3 45
5 68
5 37
5 6
1 1
8 60
10 79
10 70
3 64
3 62
5 10
2 37
6 20
4 59
7 58
10 83
2 44
9 73
6 70
8 10
8 50
4 2
2 0
2 33
8 61
9 17
10 15
7 54
10 92
3 11
10 36
3 37
1 76
9 39
1 43
7 77
10 17
2 33
3 23
1 100
5 55
5 99
5 49
10 79
10 29
1 0
4 15
10 49
10 56
10 85
8 31
8 91
2 67
7 33
5 7
9 45
4 6
6 29
5 42
8 86
1 44
3 25
3 69
1 8
3 50
10 12
9 43
9 86
9 0
9 0
2 12
1 88
8 25
9 1
8 80
3 46
1 61
9 57
2 58
9 58
2 51
3 27
8 40
5 55
3 87
2 95
10 55
4 100
10 56
7 72
7 82
6 60
2 28
7 17
7 63
8 61
2 69
6 54
8 69
8 72
3 62
3 20
7 15
4 90
7 61
2 78
8 5
4 0
2 4
3 84
7 49
1 83
3 89
8 38
8 90
7 86
3 54
9 46
3 96
2 41
9 42
7 86
10 7
8 85
6 78
8 72
3 74
1 0
6 99
10 75
4 46
6 41
3 36
7 29
9 89
3 91
9 75
5 92
9 57
4 10
10 62
8 55
2 61
2 74
4 85
6 99
6 43
10 88
8 28
8 74
9 85
3 95
10 96
7 51
6 18
8 52
8 58
10 39
1 22
3 18
5 78
5 60
3 21
3 71
9 6
6 63
6 26
6 86
5 35
10 17
8 98
5 15
4 45
5 62
7 74
5 69
8 11
6 8
4 38
2 84
9 83
3 95
5 24
7 17
8 35
5 55
7 59
10 39
1 69
3 12
8 11
3 47
9 19
2 68
3 64
3 56
6 3
1 51
9 57
10 47
4 86
5 83
4 18
10 40
7 49
6 78
4 49
2 99
9 48
2 41
10 9
4 48
7 65
10 78
10 68
6 94
3 1
8 10
8 28
10 10
3 71
2 63
9 12
3 59
1 17
10 35
9 84
4 92
3 20
2 71
10 5
4 63
10 32
6 39
9 23
3 68
8 85
8 34
8 8
9 32
7 90
3 96
2 38
3 3
2 99
10 87
5 13
8 31
6 46
10 31
10 36
9 67
2 79
10 10
6 10
7 89
4 45
5 60
2 73
4 20
4 82
6 6
9 83
3 74
10 88
8 70
10 61
4 84
7 13
2 47
9 76
10 11
1 35
8 89
4 77
7 66
6 39
7 27
2 98
5 29
3 83
10 24
1 32
8 78
8 74
2 82
6 69
8 71
8 79
4 93
3 49
7 52
1 65
1 88
7 18
6 89
9 8
5 44
1 52
3 38
8 93
10 1
1 63
10 59
7 20
10 26
2 14
6 31
6 75
3 20
7 59
1 44
5 23
9 100
3 69
1 50
5 83
2 49
9 2
7 97
10 43
9 43
2 91
10 48
9 41
8 4
6 47
1 69
6 34
5 35
8 29
9 100
1 53
10 5
5 38
9 49
5 93
10 37
1 74
5 81
4 28
4 88
2 9
3 81
6 86
8 92
10 74
10 36
10 19
1 50
10 77
5 82
6 86
6 54
3 89
6 17
10 95
2 50
1 69
3 25
5 3
4 11
9 45
9 33
7 6
8 26
10 97
2 7
5 29
1 49
9 19
7 78
4 68
1 90
10 79
3 45
2 44
8 89
5 40
3 84
2 44
7 28
6 40
1 5
4 17
10 66
7 44
9 13
7 85
9 57
1 91
8 100
3 80
3 32
4 40
1 97
2 38
1 99
10 49
5 97
5 48
4 1
7 10
7 52
10 39
6 48
6 84
9 32
4 17
6 84
9 84
4 82
10 16
8 18
10 10
5 42
9 13
4 33
5 18
10 63
8 60
7 73
9 63
8 58
7 22
1 93
9 20
4 79
1 62
2 64
7 71
3 88
3 86
6 85
4 3
8 77
6 83
3 59
1 93
5 28
5 74
6 7
3 66
2 87
8 6
10 60
9 27
4 33
9 97
8 51
4 17
8 4
9 64
2 64
9 82
2 72
2 57
7 74
4 53
2 11
7 50
9 31
6 16
5 32
9 9
10 35
9 87
3 93
2 51
5 35
2 61
2 43
8 88
1 43
4 94
10 83
6 51
4 28
4 6
10 66
9 59
1 79
8 80
6 43
8 35
2 14
7 13
9 99
3 31
5 8
5 5
7 62
9 81
8 52
4 52
4 87
8 58
7 63
6 33
7 4
8 24
9 53
3 45
8 69
10 2
9 71
8 60
2 6
7 46
7 56
5 62
4 32
2 78
6 76
2 71
3 46
5 77
6 69
4 2
7 33
8 56
1 60
6 53
8 30
5 97
3 49
5 5
5 30
8 20
5 51
9 57
3 73
5 27
6 92
3 58
4 36
1 60
1 22
2 23
10 29
9 87
7 72
5 3
10 65
1 33
7 93
2 82
7 84
5 71
7 57
8 63
6 62
7 52
2 61
10 31
2 11
5 70
9 57
7 85
2 43
8 16
10 55
3 31
9 39
3 63
10 84
1 67
9 73
6 17
3 64
9 14
7 94
3 21
7 28
7 57
1 10
6 48
2 95
8 47
3 100
4 21
8 53
1 7
2 73
4 71
9 39
9 33
1 54
3 70
2 78
3 90
8 32
2 40
7 18
2 63
7 41
9 91
2 29
8 22
6 46
6 62
8 80
8 77
1 47
7 41
10 35
8 74
6 3
5 11
5 33
6 94
8 23
3 45
3 44
5 75
1 6
6 0
5 80
1 58
6 51
3 7
5 41
10 28
4 56
3 83
8 41
7 21
10 27
1 80
6 72
9 91
7 62
9 8
4 92
3 39
9 35
6 22
3 36
1 58
1 79
8 3
8 51
4 24
3 69
6 71
6 46
2 83
5 0
2 11
7 84
6 1
4 41
7 0
9 52
9 49
10 74
10 63
7 9
2 0
7 16
3 83
10 37
3 85
3 18
1 5
4 53
9 41
8 65
6 86
7 78
3 33
3 90
3 7
6 45
6 66
10 69
4 53
1 69
7 44
1 3
5 79
1 24
4 62
3 7
5 84
1 6
7 62
10 15
10 18
6 65
5 84
3 2
9 9
3 72
3 36
4 27
1 28
3 36
3 26
10 43
10 82
1 47
4 71
10 61
1 76
4 93
9 23
2 66
3 63
6 82
6 54
2 36
3 66
6 37
1 43
9 29
2 15
2 45
2 12
7 77
10 90
6 90
4 74
1 76
1 7
1 20
4 53
7 77
3 23
9 6
10 46
2 19
10 76
4 0
5 8
5 36
3 9
7 71
8 59
10 64
8 41
8 14
7 13
1 49
4 82
2 16
5 10
8 100
8 57
6 89
10 79
7 17
4 40
3 52
3 80
3 40
5 9
8 32
8 2
4 85
8 24
1 15
9 36
3 40
9 71
7 85
3 24
9 25
2 36
5 77
5 40
4 84
7 71
2 32
9 18
10 50
1 72
8 73
5 84
1 14
2 22
10 95
8 11
2 8
3 64
2 20
7 3
7 56
10 23
6 63
1 90
1 2
10 58
2 24
8 40
9 46
9 87
5 75
2 81
8 80
3 32
9 91
10 3
9 8
1 57
8 40
3 15
4 26
4 18
5 91
2 100
5 47
9 13
7 100
4 28
3 68
1 73
2 77
1 21
5 71
5 1
6 11
10 43
1 93
6 75
6 22
10 12
10 60
7 3
5 15
5 34
10 11
5 10
9 24
4 1
10 19
8 77
3 85
1 82
3 34
8 30
3 84
4 89
10 98
5 59
2 55
5 7
10 16
6 68
6 65
8 68
3 100
1 1
8 18
4 74
1 88
9 24
4 46
1 87
4 41
1 64
3 40
5 9
10 82
4 60
5 78
5 98
5 10
6 81
4 31
3 66
10 9
6 32
1 87
5 7
5 63
7 75
2 25
5 88
9 26
8 74
8 46
5 91
1 2
4 96
2 94
1 68
10 13
3 96
2 50
4 2
4 64
3 97
2 85
4 5
9 82
9 75
6 78
6 91
2 53
4 8
7 41
9 51
10 2
10 11
1 68
5 93
6 32
9 32
6 25
7 95
1 76
6 98
7 47
8 20
8 54
7 43
4 54
2 75
8 62
2 96
3 43
5 18
6 22
3 68
10 45
1 51
10 41
2 98
3 31
8 94
1 21
5 73
5 8
6 0
8 78
7 43
10 67
1 76
8 73
8 37
5 68
1 26
8 36
9 83
7 47
8 88
4 24
5 53
4 93
9 64
3 16
9 7
4 19
5 85
6 54
7 50
5 13
10 9
9 59
4 74
10 76
10 5
6 76
7 23
2 54
2 57
8 2
4 66
7 2
7 28
3 12
3 55
9 91
6 17
6 49
3 94
1 38
10 18
5 56
2 48
9 76
3 74
5 6
7 21
5 86
9 35
7 38
6 83
3 53
8 76
4 41
7 39
2 77
3 39
1 48
8 61
3 81
3 51
8 33
6 59
5 6
4 35
9 95
1 42
9 68
1 49
4 3
9 71
8 29
1 47
4 94
9 33
3 47
2 52
9 22
3 55
1 0
7 80
1 64
1 93
4 61
10 24
7 49
5 85
4 68
4 85
5 65
5 39
7 4
4 84
2 16
8 41
2 4
5 65
9 41
4 30
9 75
9 1
4 30
4 38
3 44
1 87
10 66
2 16
3 3
6 60
5 70
7 48
7 15
5 36
6 8
9 67
9 50
8 22
2 65
10 43
5 5
3 59
5 59
7 48
6 68
8 60
5 55
6 12
7 93
8 61
1 18
4 23
3 1
2 15
7 35
1 58
1 90
10 89
9 81
1 35
7 47
5 9
5 36
7 94
8 74
2 69
6 50
7 95
1 45
9 70
1 77
2 70
2 24
8 69
3 98
1 33
5 45
10 82
3 86
6 82
6 75
6 58
2 97
4 10
10 40
10 58
10 81
9 56
5 2
7 48
1 48
5 33
3 54
6 89
1 93
6 96
1 67
3 93
4 68
1 62
2 74
7 81
1 6
5 38
7 87
6 18
3 28
1 58
10 0
6 95
5 82
5 20
10 20
8 40
2 37
4 35
2 38
1 0
4 11
4 95
7 2
6 74
3 48
9 86
5 48
4 94
3 40
2 0
5 90
1 1
10 2
6 68
4 15
9 89
7 55
2 53
3 4
5 78
9 63
3 12
5 58
7 13
9 15
1 26
5 0
9 18
6 100
10 55
1 65
1 79
5 56
4 85
7 23
8 50
4 33
8 21
9 0
8 71
4 34
7 44
10 62
7 24
8 24
1 13
5 46
2 70
7 48
8 68
4 28
7 58
8 72
2 54
10 93
6 66
8 71
4 28
3 50
2 35
8 62
5 42
10 44
9 92
9 87
10 21
2 14
1 12
7 77
10 73
6 13
8 38
3 24
8 5
4 56
4 98
8 86
3 64
9 46
5 76
7 6
5 98
4 63
6 20
4 75
3 90
5 10
6 81
6 59
6 8
6 48
4 95
3 78
9 91
7 27
2 50
7 3
5 11
10 50
8 90
3 24
4 61
7 27
7 82
7 48
8 6
5 14
7 53
8 10
7 76
10 18
6 30
7 65
7 9
4 14
10 68
2 46
8 69
6 58
4 52
5 90
2 45
7 56
3 9
3 76
9 63
2 13
4 41
10 69
6 89
5 36
2 40
3 17
3 68
5 1
2 10
4 1
5 80
7 12
3 59
2 23
1 56
2 63
6 30
7 81
1 71
7 12
10 51
4 83
10 45
10 38
10 42
9 30
2 27
8 43
5 26
2 86
4 56
9 70
10 59
4 57
3 72
5 12
6 59
9 52
9 85
1 56
5 55
7 80
4 83
5 18
5 82
10 93
6 40
2 76
10 54
8 35
10 87
3 62
10 63
9 88
7 90
6 48
4 6
5 89
7 89
3 87
6 26
7 9
7 52
6 84
9 53
8 32
10 66
1 10
2 35
1 59
1 65
1 97
7 69
1 5
5 85
3 63
5 29
1 70
9 2
1 41
1 39
8 59
6 72
1 62
4 99
8 86
8 7
1 74
3 90
6 32
1 91
2 87
5 44
5 30
8 75
1 98
9 74
2 24
10 20
7 47
9 54
3 64
2 9
10 70
7 77
7 66
1 19
4 10
2 31
3 39
2 46
2 89
6 5
5 95
7 71
4 64
4 78
1 65
6 67
7 31
8 29
5 32
8 26
4 2
9 48
10 66
5 46
5 95
7 33
3 84
6 68
5 81
7 44
7 42
7 33
7 85
1 55
7 63
1 37
6 68
5 99
6 19
6 33
3 73
9 46
10 90
2 75
9 91
6 17
2 40
7 95
9 82
4 75
3 79
10 32
6 50
3 58
8 41
3 14
9 0
6 8
5 77
1 98
8 15
9 52
2 75
10 44
3 82
4 86
3 71
6 39
10 60
7 93
7 15
5 29
6 93
6 6
10 28
9 83
1 59
10 45
10 6
7 48
5 23
7 29
3 22
8 84
7 36
2 1
1 19
6 74
6 89
6 26
8 84
5 98
5 80
6 36
8 31
10 88
4 90
1 63
3 23
10 73
8 67
3 1
4 34
9 27
1 96
4 25
3 74
1 46
8 88
5 79
4 88
3 26
7 48
2 58
1 43
4 39
1 41
6 17
6 47
8 46
6 55
10 95
7 97
4 62
8 79
4 54
10 33
2 9
3 16
9 56
3 54
9 64
3 12
2 37
3 47
6 28
2 20
7 53
1 89
8 13
4 35
2 96
8 32
6 0
5 81
8 60
4 39
2 37
2 57
2 52
1 27
4 22
1 61
7 58
3 34
6 51
2 19
2 35
5 83
3 26
3 94
5 20
8 47
3 45
8 36
7 52
3 55
5 20
7 25
4 73
1 30
1 91
3 74
6 91
6 66
4 49
2 12
5 70
1 46
5 21
3 100
2 77
9 13
9 47
4 73
1 19
2 32
4 97
10 24
3 76
7 1
6 97
8 98
5 0
8 50
1 15
1 64
8 92
3 79
6 16
6 2
2 16
6 83
7 31
3 78
6 38
2 31
3 90
9 20
4 84
9 35
5 97
7 95
9 95
5 70
4 63
4 4
5 82
10 66
4 74
5 24
1 52
7 62
1 77
1 73
8 81
1 31
8 2
5 36
9 47
8 98
8 13
8 79
6 15
8 87
7 16
3 29
1 70
3 10
1 13
5 80
5 40
10 64
4 41
1 56
9 23
1 28
3 46
8 76
3 19
8 84
6 57
6 88
3 62
8 62
1 47
2 20
8 10
3 56
8 25
6 44
4 48
7 58
3 8
5 27
3 13
4 47
2 1
4 58
10 25
9 96
9 16
6 49
7 74
3 74
8 87
8 98
9 99
2 53
4 76
4 52
7 21
9 21
4 3
10 26
4 8
5 40
2 82
6 16
2 91
6 82
9 6
3 74
3 12
6 47
3 38
2 45
5 99
6 66
10 42
2 99
2 4
2 23
6 24
6 64
9 18
2 65
4 14
1 53
7 98
10 25
7 43
6 30
5 12
9 93
8 32
9 61
10 1
1 69
1 60
1 50
1 72
10 90
10 9
10 48
3 40
4 10
1 0
8 24
9 70
7 19
3 67
10 50
1 92
1 16
6 58
4 48
8 1
2 34
1 61
9 21
4 67
3 53
4 3
5 71
9 36
9 65
5 83
6 9
2 33
7 53
8 80
3 8
4 20
8 0
8 10
1 25
3 70
1 47
4 93
6 14
10 8
7 96
4 63
3 8
9 56
3 67
8 69
9 91
3 52
6 32
8 61
5 15
1 67
4 5
9 8
3 77
1 47
10 41
5 76
2 54
3 35
8 68
7 3
1 75
3 67
10 86
3 17
2 85
10 8
4 54
2 17
4 40
1 57
5 51
4 46
5 23
8 29
3 20
6 98
5 23
4 39
5 79
3 76
9 3
3 20
8 66
6 73
6 55
5 64
2 72
3 43
2 64
10 1
4 79
4 2
4 100
3 32
7 88
8 41
5 95
6 92
3 23
4 84
1 19
5 16
7 35
1 96
3 12
4 51
9 45
9 36
1 73
7 92
9 59
2 59
8 56
7 84
5 70
1 2
5 43
2 39
9 60
3 3
7 75
6 60
8 38
3 56
7 27
2 66
3 39
3 92
2 21
3 78
10 54
5 63
7 91
3 27
7 12
4 90
9 23
3 11
9 28
1 55
5 23
9 81
1 6
4 21
3 77
8 28
2 9
8 6
7 46
7 55
8 18
6 56
4 19
7 79
6 73
1 75
8 56
8 63
3 65
7 85
2 72
5 12
1 55
4 33
9 55
7 86
1 77
6 26
4 79
9 2
3 76
7 54
2 28
3 69
9 17
2 15
4 95
4 0
4 35
10 23
8 34
10 54
8 46
5 16
3 82
8 52
7 23
1 5
1 32
5 21
6 56
9 89
4 73
4 20
1 88
2 55
8 23
5 1
1 9
6 76
6 96
7 12
8 57
10 14
10 37
4 14
7 83
2 39
9 76
2 42
9 34
4 35
8 48
1 25
10 39
2 42
8 65
2 19
9 79
7 48
1 40
2 18
8 77
5 22
8 87
5 46
3 43
9 30
10 100
6 46
2 0
5 11
1 83
7 86
8 35
8 61
2 16
7 89
4 4
9 0
1 15
2 26
4 50
7 24
4 22
4 58
10 31
6 6
6 46
10 27
10 95
4 32
3 36
9 13
7 83
10 83
7 1
2 26
3 96
6 64
10 39
5 67
7 16
2 21
2 70
3 90
1 92
10 95
2 10
3 31
4 92
1 79
5 66
2 25
3 65
8 21
7 73
10 18
1 22
8 63
10 61
10 69
2 11
9 25
10 34
1 16
5 32
1 8
10 55
3 84
3 34
6 50
10 90
4 74
3 22
6 22
6 43
2 19
6 5
3 80
1 68
8 58
4 5
1 83
5 84
6 5
4 49
1 59
7 66
2 15
3 23
7 81
7 96
5 17
9 98
1 79
10 70
9 28
7 9
4 18
1 0
8 21
5 24
3 85
8 49
7 37
2 44
8 64
6 26
6 59
4 24
5 13
8 61
9 35
5 29
5 31
7 30
8 43
6 24
4 23
6 72
2 80
4 14
2 81
1 27
2 44
5 80
7 50
4 52
3 60
8 81
6 34
8 41
3 68
9 93
7 72
7 81
2 9
8 40
10 71
5 6
10 38
6 24
9 35
3 24
7 14
4 6
4 31
7 10
10 20
4 65
5 85
10 48
7 29
6 97
1 16
8 46
4 31
2 13
3 11
1 61
10 29
6 34
6 34
6 40
1 60
8 5
3 33
6 89
8 15
10 31
2 79
5 27
5 47
3 6
5 26
9 88
9 71
7 28
3 0
5 30
9 4
4 76
10 9
6 68
6 33
1 73
6 31
9 69
3 100
9 62
7 17
7 87
3 100
9 82
7 93
9 72
4 9
4 10
6 9
7 70
2 3
7 26
9 29
2 97
10 53
4 49
1 98
6 83
4 6
6 36
8 75
4 79
7 16
8 100
7 8
4 11
7 8
7 26
3 80
2 9
5 60
9 7
4 78
7 93
4 66
3 84
10 92
3 81
5 45
8 34
6 1
9 59
5 61
2 42
9 68
8 27
6 76
8 41
4 47
9 33
7 18
5 56
6 68
2 37
6 36
6 95
5 54
8 16
6 19
8 4
3 87
2 96
9 80
8 27
5 84
2 5
6 26
7 1
3 38
3 87
10 56
7 91
9 13
7 41
4 9
1 18
10 49
1 53
3 42
6 39
6 94
10 36
1 74
5 99
7 59
2 11
2 90
8 52
8 95
10 77
1 37
3 95
3 100
6 5
2 51
3 89
3 61
7 89
1 98
6 77
5 4
5 64
8 51
1 8
1 95
4 16
1 52
4 15
4 7
1 81
10 94
5 75
6 97
5 1
6 84
3 82
5 12
10 82
10 98
5 60
1 95
10 62
4 23
3 23
7 53
4 66
4 68
4 24
5 39
6 87
1 60
10 97
7 90
8 91
5 67
6 78
1 52
5 1
5 53
9 9
4 37
10 20
7 9
4 40
2 49
3 46
9 91
4 36
10 91
3 54
6 60
1 33
8 45
1 37
9 43
6 63
3 19
4 49
4 86
2 55
9 81
7 12
2 62
5 32
4 25
4 92
2 43
8 66
2 69
10 64
3 64
4 84
4 59
4 94
7 36
1 56
3 83
5 92
8 39
6 56
3 38
8 30
2 33
2 54
10 82
6 87
5 48
4 38
3 51
10 68
6 80
7 55
10 11
8 100
9 44
6 81
2 72
7 32
9 26
7 74
8 33
7 0
8 10
5 11
8 88
3 58
5 7
3 70
5 53
2 52
5 50
7 44
7 30
8 6
1 80
6 5
5 83
8 61
1 39
3 27
7 91
1 89
8 55
9 50
3 63
3 66
8 46
8 60
8 97
3 12
9 86
5 24
9 65
7 1
4 69
10 19
9 78
7 20
1 82
1 64
5 12
2 97
2 11
7 31
8 52
7 18
7 71
4 26
7 82
10 43
3 3
10 72
7 61
6 42
3 79
3 31
3 71
5 86
3 48
7 27
8 17
5 40
4 50
7 1
2 18
10 88
6 95
8 9
6 33
3 38
10 15
6 66
2 55
7 72
2 4
10 7
5 86
2 3
1 100
1 47
4 71
9 59
5 78
8 85
8 48
7 13
3 36
2 50
2 25
9 6
10 80
1 97
4 26
1 55
4 43
8 65
6 83
8 4
8 69
3 45
7 59
6 73
3 89
3 48
3 98
3 8
3 9
5 96
9 32
9 6
3 39
8 0
9 84
3 69
3 15
2 21
7 23
10 11
9 37
7 86
7 11
3 54
3 34
3 4
9 44
5 70
3 70
8 30
2 14
9 22
7 28
5 6
10 36
5 84
1 47
10 96
1 82
2 68
8 40
8 74
1 20
9 34
3 32
5 100
7 52
2 51
4 44
4 52
5 59
5 28
9 77
2 52
1 3
9 97
6 98
2 68
9 49
6 60
10 10
4 22
1 41
6 71
7 50
7 34
9 22
9 65
2 59
1 80
10 20
1 7
10 13
6 18
8 6
10 39
9 8
1 54
7 26
1 71
9 77
6 82
7 96
6 70
5 55
9 66
4 93
5 18
3 66
5 92
6 5
2 67
8 17
9 73
7 34
1 56
10 47
3 73
10 52
4 28
6 13
9 67
4 99
9 59
3 2
4 68
8 43
4 90
9 94
7 3
9 95
3 91
9 71
2 72
6 57
6 23
2 52
7 40
7 4
6 2
1 36
9 39
6 33
10 15
8 41
10 79
4 33
3 97
1 21
10 51
10 41
7 62
1 36
9 89
3 18
9 70
5 6
10 82
7 2
1 57
8 45
4 61
3 28
8 72
4 50
1 35
8 49
2 30
6 16
9 70
2 73
1 67
2 36
9 74
7 69
1 9
3 34
4 12
7 29
4 28
9 28
9 24
7 43
4 66
9 6
2 24
1 36
4 27
1 22
6 95
1 84
6 90
3 84
8 7
1 74
9 29
2 8
8 58
2 52
2 93
8 26
2 19
8 48
10 87
4 89
2 51
7 1
2 1
8 97
5 54
8 45
1 73
6 75
4 24
2 3
5 15
2 12
7 90
10 86
8 54
1 50
5 34
1 49
8 10
6 53
4 33
4 16
10 84
2 70
9 73
5 30
9 54
1 30
10 92
9 89
2 52
7 24
7 56
7 23
4 33
2 65
10 44
8 82
5 97
2 2
4 7
5 36
3 19
1 95
2 43
9 92
6 37
9 100
8 2
10 63
7 15
8 74
8 61
6 31
3 60
4 78
10 100
8 24
6 100
8 89
8 0
4 22
8 73
1 75
4 3
2 51
2 63
6 52
8 26
3 46
9 39
2 45
7 53
10 42
7 25
7 97
8 81
7 20
5 1
5 42
6 78
3 21
3 49
5 89
1 10
6 71
5 68
2 32
10 100
9 31
7 92
6 21
4 48
7 6
8 100
6 25
2 22
7 44
10 28
9 32
3 73
3 62
2 15
5 75
5 80
2 96
2 70
4 47
5 57
7 90
4 77
10 9
1 29
5 35
4 40
5 4
5 39
7 45
6 86
10 5
1 43
2 77
9 67
7 20
7 23
10 82
4 62
2 98
9 31
10 66
7 71
9 90
4 87
2 55
4 19
9 33
9 33
3 6
9 10
7 26
5 54
8 33
3 3
9 53
10 57
7 39
8 71
3 20
2 22
1 78
3 48
8 5
6 51
8 29
9 46
7 31
9 60
8 91
3 25
1 41
9 60
3 88
7 21
6 92
7 11
8 41
3 15
3 51
3 4
8 81
4 24
1 42
1 35
7 4
3 23
4 76
2 94
2 81
3 84
4 1
7 60
7 55
3 17
1 59
3 82
3 79
9 46
5 44
5 77
4 67
2 64
7 91
4 87
10 8
7 88
5 41
2 11
8 24
8 87
7 35
6 100
2 59
10 10
8 71
4 2
6 75
3 46
3 65
1 7
6 62
1 31
5 66
5 1
2 86
2 21
2 29
2 83
1 74
6 29
8 41
8 83
5 66
1 42
7 75
1 18
7 70
5 21
7 42
2 64
1 16
5 29
10 11
2 25
9 38
1 49
3 27
1 79
8 11
4 40
2 46
3 5
7 15
4 27
2 33
1 93
1 63
9 55
8 83
8 87
9 31
10 43
4 20
4 88
3 23
3 22
1 47
5 2
9 24
1 97
5 45
4 72
2 73
6 88
6 4
2 9
1 84
3 95
2 28
7 9
7 82
2 18
7 54
2 66
7 58
5 76
2 90
4 47
2 85
10 41
3 46
9 15
3 94
3 20
4 41
2 97
10 29
10 98
2 23
8 36
2 34
1 25
4 39
2 47
2 51
8 3
9 23
9 58
1 19
8 79
10 98
1 77
3 23
7 9
1 72
7 14
2 65
5 89
5 46
6 63
1 76
4 97
6 58
1 66
2 46
5 21
8 55
6 48
1 70
4 90
7 74
9 81
3 66
6 18
9 95
9 18
6 33
9 44
7 34
10 91
4 41
6 56
8 93
5 25
6 17
1 44
10 19
1 70
1 100
10 5
6 71
7 75
2 60
10 55
6 62
1 48
4 22
3 96
7 7
5 53
6 99
2 91
1 84
1 16
6 49
1 99
10 77
9 30
6 45
4 57
1 96
7 97
2 3
5 72
1 53
1 54
2 81
10 56
1 76
9 78
8 11
6 18
6 33
4 70
2 39
10 52
7 26
2 79
7 50
8 98
8 14
6 95
2 91
7 47
10 31
9 63
6 53
5 14
10 11
5 13
9 27
10 13
6 41
1 24
5 98
8 34
3 77
3 69
4 38
5 55
5 16
6 77
2 24
10 43
8 80
4 10
10 59
4 72
9 29
6 46
5 97
4 24
3 95
6 14
6 39
10 29
2 64
4 49
9 60
9 68
4 47
6 44
9 17
3 26
1 27
6 11
8 32
6 32
8 95
3 52
1 13
1 93
2 42
4 23
3 21
3 90
4 5
2 61
10 85
5 70
10 66
5 52
2 13
10 25
9 81
1 12
7 55
5 98
10 27
5 56
4 5
3 100
6 46
3 81
7 57
8 77
8 72
4 39
6 78
4 100
3 66
2 90
10 96
9 82
4 98
8 87
5 46
7 10
6 37
1 61
6 84
5 21
4 85
1 17
6 64
8 95
1 57
3 38
3 38
5 13
9 65
8 81
9 42
3 100
9 49
8 13
7 98
8 50
6 74
3 85
2 1
5 15
8 91
8 22
2 94
7 56
10 10
4 89
3 76
6 72
1 1
4 78
4 41
6 10
7 54
4 33
3 19
1 25
4 21
6 20
8 75
1 10
4 85
5 84
2 9
8 78
8 76
5 2
1 100
8 59
10 44
8 5
4 89
5 78
3 71
5 53
10 91
6 10
8 69
8 36
1 10
1 61
6 92
8 96
1 30
9 84
9 12
2 4
8 86
6 56
3 65
2 42
5 1
2 82
9 64
4 38
10 94
9 64
2 41
6 62
1 63
1 94
6 6
9 88
6 25
1 4
1 17
8 38
5 44
1 26
8 72
5 97
7 89
5 19
2 25
3 44
6 62
7 5
6 80
3 64
10 82
2 70
8 66
7 18
6 47
8 10
9 100
6 0
3 20
5 3
3 4
3 88
2 96
10 72
5 86
2 53
2 63
8 36
7 36
1 49
4 35
10 59
6 80
4 68
7 69
7 5
8 26
7 14
5 26
7 30
6 21
3 36
8 57
10 11
10 41
9 44
5 13
8 46
10 57
6 57
7 15
10 92
8 34
8 92
2 71
2 15
1 39
4 25
8 4
9 86
6 8
6 29
3 85
1 39
1 61
3 50
2 99
5 28
4 68
8 90
9 89
10 11
7 72
4 48
4 69
10 94
7 69
8 16
10 20
9 64
4 62
4 8
10 100
9 58
5 97
10 45
1 26
6 49
10 23
6 85
3 11
3 97
10 56
2 61
2 32
5 71
8 69
5 11
6 80
7 17
8 45
5 57
2 6
4 35
1 84
10 99
7 9
2 95
5 54
10 59
8 96
8 37
7 67
3 58
8 92
3 4
5 44
4 89
3 74
4 62
9 93
1 26
2 98
1 69
7 72
9 81
3 49
1 85
4 26
10 7
1 76
5 94
8 37
8 65
7 66
7 16
2 35
5 97
1 34
3 2
4 65
3 40
3 66
6 87
10 3
1 36
6 30
10 42
8 24
8 16
7 74
4 30
8 68
9 10
1 95
8 25
3 25
8 58
8 15
8 0
6 1
2 39
4 81
10 66
4 51
4 55
10 56
5 1
8 33
3 87
6 74
7 31
3 15
9 58
6 23
2 52
8 85
10 40
3 10
10 9
2 6
2 34
1 26
2 25
9 2
10 54
4 18
8 14
2 39
4 36
3 63
7 72
2 0
2 49
8 10
3 100
2 0
8 34
8 8
3 3
10 95
3 71
8 9
6 65
7 7
3 75
5 56
2 88
9 76
8 86
7 50
9 25
4 18
5 88
1 54
7 17
6 39
9 87
1 80
4 52
1 68
9 22
1 36
8 24
9 4
10 9
9 69
7 55
6 61
3 38
4 94
9 33
5 13
3 15
3 84
9 38
7 84
8 45
2 49
5 2
9 94
5 57
8 77
1 99
6 96
1 34
6 80
9 60
4 12
5 25
8 41
1 19
7 11
2 7
5 80
4 24
2 8
8 30
10 49
4 28
5 73
2 90
2 70
9 18
5 8
1 56
8 23
6 25
4 99
10 31
4 74
3 36
3 29
2 65
10 86
4 66
10 47
9 94
6 49
2 34
7 56
7 85
2 62
2 91
6 15
6 67
6 53
9 69
8 26
2 68
10 69
1 87
8 48
4 68
10 7
10 65
7 45
1 38
8 69
9 76
7 53
2 50
10 49
1 45
2 63
6 63
2 18
2 27
3 53
9 48
9 63
2 38
5 86
1 84
4 0
1 62
5 27
7 1
6 76
3 37
4 83
4 60
1 5
9 12
5 97
10 59
2 20
4 92
4 21
8 44
7 95
1 4
5 41
2 34
2 75
5 7
5 19
9 80
10 31
4 72
3 22
9 20
3 94
5 82
7 73
4 23
9 6
3 1
4 80
2 48
10 82
9 99
8 66
5 20
10 86
7 46
10 34
7 55
8 64
8 69
6 53
10 33
3 33
4 5
6 30
2 27
3 45
8 46
1 99
9 41
6 24
8 51
2 45
2 74
9 87
1 82
2 54
7 2
6 25
6 19
3 33
2 54
7 6
3 51
1 76
8 32
2 84
1 46
2 96
1 36
5 12
10 63
1 43
2 1
10 63
6 10
4 80
10 37
1 78
10 36
8 71
2 31
1 51
9 78
1 13
10 51
7 97
8 86
7 53
4 38
3 94
6 69
4 17
8 88
9 83
8 97
2 63
4 64
1 48
10 42
3 13
2 27
2 46
4 88
7 17
5 46
5 41
5 30
9 70
7 13
10 21
10 3
10 86
8 86
6 66
6 69
6 49
4 24
9 42
9 69
6 6
10 77
3 23
10 96
9 74
5 33
4 34
2 61
8 58
5 65
6 63
1 30
8 98
3 89
5 31
1 19
3 9
10 73
6 35
7 31
9 27
1 38
5 92
10 32
3 40
8 49
6 5
6 7
1 21
8 83
4 11
8 42
3 42
1 30
7 78
2 83
9 38
4 80
1 15
3 81
7 93
7 71
8 61
8 35
8 98
8 37
10 29
2 1
9 28
2 7
10 53
3 45
1 62
7 1
8 18
5 79
7 24
2 18
2 54
9 76
7 98
10 12
7 47
1 53
9 78
3 9
8 65
7 32
1 46
6 20
3 27
4 65
4 7
8 68
8 29
1 86
9 59
3 93
5 17
9 95
5 49
1 23
5 29
3 97
4 100
1 1
1 57
8 56
7 63
8 39
4 35
8 29
10 15
4 91
7 21
5 14
1 8
1 2
4 27
4 52
6 35
2 81
9 79
1 12
5 0
6 13
8 95
1 24
5 39
2 9
3 7
5 40
7 11
5 6
5 81
2 20
4 36
10 77
9 1
6 8
10 18
8 35
8 89
10 52
8 14
2 30
9 27
6 78
10 93
2 49
6 38
10 6
9 88
7 44
8 49
4 21
5 88
1 97
8 96
3 24
2 17
4 35
5 14
5 42
7 78
8 36
7 16
3 71
8 100
7 64
10 31
5 52
4 65
8 18
1 4
4 80
2 49
1 8
9 9
1 28
4 33
5 37
8 88
2 2
9 61
7 10
9 29
7 87
5 48
9 2
5 79
7 97
8 7
3 75
6 52
5 63
5 72
10 92
8 25
7 60
5 59
2 48
4 0
6 73
8 36
9 64
4 66
1 99
4 8
1 19
4 83
3 10
1 69
1 24
4 15
6 42
9 78
7 97
9 81
9 73
1 42
10 76
9 10
3 64
4 21
10 97
4 37
10 56
8 2
2 100
1 74
2 32
4 58
6 69
9 7
1 27
4 69
10 12
9 64
7 2
3 17
4 80
5 51
5 55
4 67
7 56
6 26
9 84
4 38
7 72
3 21
2 40
5 52
1 69
10 53
4 91
9 68
1 15
5 52
1 83
9 73
3 37
1 81
8 83
8 20
3 31
2 42
3 38
7 95
4 23
2 37
10 23
8 1
8 22
2 11
8 74
8 8
7 38
7 74
3 71
10 91
6 83
2 95
7 82
10 2
8 45
10 71
4 89
6 1
8 12
3 74
2 66
10 100
3 25
7 23
4 95
5 26
10 8
2 47
8 100
2 80
3 89
8 22
1 74
3 77
1 55
3 24
4 74
9 24
5 35
2 56
9 3
9 5
6 60
1 85
3 62
1 1
10 83
1 70
6 83
1 71
7 26
4 75
4 0
9 8
5 41
4 70
4 6
6 47
5 65
10 9
6 90
5 98
4 53
3 27
9 92
2 28
8 25
10 50
10 67
1 6
9 19
7 94
3 35
4 26
4 89
10 81
9 30
1 0
8 96
4 51
9 84
5 83
3 28
9 94
6 29
6 25
3 14
4 83
8 40
8 64
9 20
6 83
10 47
10 82
2 12
5 83
8 79
6 79
9 60
6 55
1 26
7 65
8 91
4 29
3 94
4 6
8 5
8 73
1 70
6 6
6 0
4 36
4 8
1 16
6 12
1 39
3 48
6 15
4 24
8 100
6 73
8 93
1 11
4 14
4 69
2 66
5 92
4 46
8 44
4 50
9 96
7 13
3 20
6 14
5 42
2 26
10 10
2 86
7 99
5 53
5 98
3 80
5 14
7 99
10 63
6 6
6 16
7 43
3 77
7 21
3 84
10 43
10 33
1 15
10 4
4 86
3 90
8 42
1 7
3 4
9 60
7 25
7 59
3 47
9 94
10 44
1 62
2 21
4 1
4 97
6 59
10 30
10 30
9 40
5 19
9 83
7 76
1 96
2 1
10 31
4 60
2 97
4 33
9 57
1 92
10 59
3 72
3 88
7 41
6 47
10 95
3 87
1 8
9 11
6 8
4 44
3 10
9 39
7 14
3 28
1 50
10 29
2 96
9 89
5 19
4 46
10 60
8 35
9 92
6 77
5 97
1 57
3 1
6 94
6 56
5 31
6 37
3 49
10 26
10 55
7 56
9 80
5 28
5 12
2 3
1 26
8 39
7 88
4 35
2 54
8 40
10 100
4 3
6 51
6 42
7 53
1 3
9 92
8 49
4 26
10 6
2 25
4 2
6 30
3 31
6 39
4 63
3 45
8 43
9 22
8 77
3 73
6 14
10 70
8 36
8 43
7 100
10 46
10 61
2 50
6 44
5 45
10 30
7 52
9 64
3 64
6 77
3 30
3 83
10 89
8 67
7 28
3 99
6 97
3 15
4 50
1 55
6 51
7 42
3 21
1 79
4 32
4 26
10 34
4 64
6 26
9 51
5 31
8 82
3 50
5 84
7 12
4 95
6 67
3 57
1 42
4 53
1 88
6 84
5 98
6 31
3 78
7 31
4 35
4 72
3 80
8 9
8 75
9 73
1 70
9 19
7 92
2 70
2 22
10 30
7 67
8 40
10 46
10 12
1 81
10 16
8 95
2 54
10 76
10 21
1 21
8 29
8 28
3 48
4 40
6 12
9 10
6 77
10 24
4 86
1 24
5 47
2 0
10 60
10 90
1 17
6 99
6 9
8 0
6 62
10 21
9 95
7 15
10 28
6 21
5 68
5 91
3 8
2 85
6 71
7 78
10 86
1 65
10 61
2 28
4 60
6 22
3 53
1 63
3 86
6 36
5 79
8 58
5 53
6 74
6 69
3 60
5 77
10 13
5 69
1 99
1 12
3 45
5 75
6 23
1 80
1 13
2 24
1 75
2 28
8 97
9 87
7 60
4 68
8 96
5 23
7 85
10 29
5 65
5 95
10 45
7 97
4 98
4 65
9 9
9 63
3 70
3 90
7 32
10 69
6 51
6 3
5 29
1 29
7 89
1 9
1 13
4 75
1 29
9 3
9 17
10 61
6 14
7 100
1 17
9 30
5 84
2 4
6 97
7 60
1 24
10 16
7 44
2 36
4 66
3 38
4 23
4 54
10 72
9 1
4 51
5 68
9 10
9 85
3 32
9 2
3 70
1 32
3 9
9 18
1 31
3 31
9 90
5 89
9 37
1 3
9 56
2 55
7 23
3 24
6 4
10 63
2 28
7 82
6 59
2 51
4 74
9 6
9 64
6 53
5 69
8 22
7 84
7 98
4 41
4 52
4 15
9 18
10 8
4 43
2 36
2 45
10 77
6 51
6 98
3 24
3 27
1 30
10 91
1 71
7 42
8 75
8 25
6 58
9 82
8 24
4 24
8 67
1 67
5 45
3 67
1 59
3 51
6 8
9 88
9 84
9 39
4 8
6 100
10 20
6 38
1 22
4 43
5 50
8 62
9 5
1 65
5 31
1 38
4 42
7 62
1 97
4 15
9 4
6 12
7 28
1 26
10 10
1 78
6 25
3 32
1 41
3 73
6 73
8 69
5 89
2 44
2 83
4 21
2 58
4 84
5 82
10 95
3 10
4 85
9 51
8 47
8 76
3 98
6 28
3 0
7 56
4 4
9 2
2 7
1 69
8 10
4 80
8 15
3 46
9 38
7 47
1 67
10 83
1 32
4 13
1 81
5 44
3 27
6 91
8 99
9 71
8 68
7 44
4 53
9 74
5 6
2 24
10 77
9 40
9 64
10 68
3 25
4 31
10 100
10 70
3 13
8 81
10 30
9 74
3 54
8 8
10 51
7 51
7 49
10 28
4 82
10 35
6 17
4 5
7 68
10 77
10 73
3 79
2 19
4 54
2 65
9 96
9 33
6 41
10 96
9 84
6 76
10 5
4 64
2 74
4 96
9 71
7 87
2 44
1 64
7 79
1 20
5 57
7 78
10 80
9 72
5 80
10 92
10 72
2 12
9 75
4 70
6 23
1 66
5 40
4 42
4 31
9 61
7 48
9 44
1 95
7 42
8 40
9 1
4 61
6 86
1 65
9 87
5 39
4 86
8 65
1 14
4 93
1 15
8 3
9 8
2 56
7 24
8 21
6 90
10 31
2 33
9 19
2 89
1 86
1 91
1 5
10 94
7 66
4 48
5 3
5 34
8 34
3 88
10 96
6 70
9 93
6 78
2 31
9 22
3 88
8 7
5 31
10 40
6 50
8 78
10 57
9 48
1 57
3 4
5 13
5 25
3 93
8 75
1 10
7 90
6 91
5 69
9 23
5 53
6 35
3 69
5 18
4 19
4 56
5 48
2 74
7 34
6 9
4 21
10 53
2 99
3 63
3 64
7 17
7 76
9 84
9 93
3 11
1 4
6 53
8 67
2 1
5 84
6 88
10 5
7 85
4 45
6 43
1 96
4 69
4 12
4 80
2 59
3 11
8 68
8 96
4 24
10 93
10 48
6 5
5 86
6 76
8 42
4 10
9 80
9 98
3 18
4 99
4 47
8 74
6 91
6 59
2 11
3 25
8 94
3 23
3 36
5 31
8 77
1 9
9 96
9 26
5 99
10 51
2 55
7 10
3 28
1 46
8 46
2 80
3 65
4 61
6 35
6 39
1 49
7 91
9 22
1 18
7 90
8 100
2 12
9 34
6 35
6 0
10 87
1 59
6 26
6 34
1 61
5 13
8 54
1 18
8 66
3 95
4 13
3 6
3 43
5 27
9 23
10 23
1 63
4 0
6 5
7 23
6 26
10 31
4 9
8 59
1 1
6 47
9 87
8 85
3 16
1 96
10 40
7 95
5 71
5 49
8 67
10 52
1 44
1 88
6 8
7 44
6 45
6 49
5 21
10 43
5 1
9 78
3 23
4 86
7 100
10 19
8 61
5 40
1 6
10 21
6 71
9 40
6 40
1 30
1 76
9 49
7 21
1 48
5 63
1 61
4 4
8 73
4 5
9 68
6 72
9 89
3 15
1 89
7 54
8 11
2 53
1 42
8 75
2 17
10 28
2 91
6 11
10 61
4 34
5 62
8 42
10 100
2 67
9 89
9 93
4 95
5 18
2 71
3 70
3 62
10 96
10 59
8 66
8 44
1 61
3 27
10 78
1 98
5 86
1 29
7 46
6 71
5 83
8 73
4 96
3 39
4 92
3 91
7 73
4 33
6 45
9 10
7 28
7 51
2 75
9 11
6 98
8 25
7 93
8 25
6 14
4 78
4 33
9 47
2 40
1 20
3 29
5 62
3 10
8 97
10 32
7 8
10 15
5 1
9 34
1 85
5 9
2 59
9 52
9 100
4 12
8 18
10 86
3 24
7 19
7 95
2 46
1 25
3 72
2 57
8 99
9 50
8 87
1 61
1 36
4 27
10 40
4 40
5 47
7 35
9 89
3 23
9 53
5 55
4 37
1 26
4 80
7 8
1 21
1 9
10 59
6 90
7 86
9 92
8 23
2 12
9 16
4 87
5 83
8 6
2 86
5 35
2 63
5 87
3 8
4 88
7 74
6 87
1 60
1 33
6 58
1 88
6 21
1 15
10 68
8 51
9 5
9 4
2 61
4 35
2 58
4 87
3 87
8 100
1 61
5 62
5 11
1 57
9 71
8 65
10 3
8 83
4 70
1 46
10 56
1 27
4 23
1 93
7 15
6 93
8 82
8 8
10 84
1 14
1 20
5 40
4 8
9 96
2 10
1 30
9 50
9 21
4 36
3 71
6 12
5 27
6 96
4 30
2 42
10 19
1 95
5 68
2 80
2 30
6 93
9 57
5 61
6 80
9 45
10 10
9 55
5 5
5 18
8 51
1 15
8 44
10 1
6 80
7 27
7 85
1 10
6 73
4 5
2 38
6 17
4 44
4 68
10 13
5 86
5 78
6 93
5 63
8 39
7 50
9 0
10 95
7 73
7 37
1 80
9 56
6 69
5 87
3 2
4 43
9 69
6 90
4 79
1 91
6 32
9 32
1 86
9 19
3 81
6 6
1 76
5 90
8 71
6 34
2 1
5 54
8 65
3 99
8 84
7 21
4 25
6 88
2 7
5 66
3 7
6 32
9 59
1 40
5 64
1 42
7 2
8 6
2 48
2 31
10 20
5 5
6 18
4 86
4 25
5 45
6 44
3 35
7 35
5 91
9 85
7 38
8 43
6 95
6 91
7 43
7 8
5 1
9 88
8 51
3 15
7 27
5 50
2 74
4 17
9 87
3 4
10 75
2 91
3 10
9 86
9 14
7 94
1 41
10 95
7 22
7 96
7 5
6 54
3 73
6 89
6 9
5 66
3 37
9 79
3 83
10 78
9 63
8 80
8 74
5 17
3 59
9 52
7 85
2 77
9 60
2 21
10 55
7 51
8 95
6 22
8 70
10 30
10 36
3 47
4 96
2 83
8 61
4 28
2 28
9 13
6 24
2 97
9 39
10 61
1 100
7 74
8 98
3 62
8 94
5 81
1 10
9 39
1 95
6 24
8 65
8 9
7 98
6 1
4 54
2 25
3 53
3 82
2 73
9 25
6 72
8 24
7 89
7 49
6 87
5 18
4 10
5 49
8 5
3 69
10 92
8 1
8 93
1 9
5 86
8 67
2 41
1 60
5 29
5 32
5 19
7 14
7 2
10 50
1 85
3 68
1 43
2 94
1 9
10 11
7 8
9 28
3 75
9 3
2 97
2 62
3 84
1 11
7 50
1 80
5 24
4 3
7 27
8 74
1 96
4 39
7 100
10 72
2 2
6 49
1 100
2 8
2 47
4 95
6 89
1 49
10 59
8 9
8 74
2 43
9 6
6 52
10 19
10 76
2 35
8 88
9 69
8 23
10 73
10 72
5 13
5 50
5 70
5 69
4 55
3 30
6 64
9 92
2 46
4 49
8 38
1 2
3 94
2 78
2 26
6 24
5 9
8 43
1 65
9 36
2 36
8 11
7 55
1 90
10 12
4 86
4 58
10 52
5 61
4 26
10 45
3 12
6 47
9 25
1 21
10 49
2 64
6 14
6 74
5 17
2 22
2 95
2 4
7 52
6 96
9 78
1 67
8 86
5 90
3 22
3 7
7 10
6 74
5 90
10 87
9 36
8 12
10 6
10 57
3 6
4 34
8 0
4 97
8 47
5 62
8 79
8 38
1 100
2 55
1 60
2 47
3 7
4 5
4 100
7 83
2 93
3 38
4 26
8 55
6 19
5 97
2 99
8 50
6 20
3 1
4 4
4 91
5 65
1 67
8 1
6 71
5 94
10 5
10 7
6 28
4 51
4 24
1 16
10 7
7 64
1 56
7 84
5 30
1 8
6 56
4 80
6 48
8 56
3 8
9 29
9 15
2 45
1 68
8 87
6 32
10 53
6 27
2 76
10 77
4 19
7 98
5 50
3 86
9 82
5 56
5 76
3 41
9 57
9 58
9 60
10 47
3 64
6 68
1 10
4 57
4 91
1 11
10 40
1 2
9 83
8 67
4 62
7 11
3 0
4 43
6 47
1 6
5 17
4 75
5 59
7 67
9 56
6 30
9 89
9 2
3 7
7 30
7 11
4 75
7 44
5 14
8 77
2 20
2 44
2 66
6 21
8 8
2 61
10 20
5 35
10 88
4 51
4 13
1 46
3 15
4 16
8 3
6 53
6 53
6 48
1 51
4 62
4 73
1 25
7 65
1 43
6 52
10 22
7 92
5 20
9 79
7 45
5 29
4 39
7 90
8 56
5 47
5 44
6 3
10 50
1 19
10 57
3 29
9 76
1 64
4 74
6 84
4 95
8 80
8 39
5 29
9 87
10 57
10 0
6 47
6 85
7 12
2 42
2 33
8 12
10 93
4 34
3 10
7 72
7 80
5 1
1 26
9 97
1 24
3 99
8 0
4 32
5 63
1 23
7 54
1 36
1 65
10 29
1 4
5 4
4 93
7 38
5 16
6 69
5 92
4 95
3 3
1 26
3 81
4 65
1 0
4 7
3 86
6 95
2 6
9 22
9 83
3 0
3 46
4 42
8 82
4 32
8 5
3 18
6 5
10 25
1 23
4 16
7 50
6 48
2 97
10 42
8 78
9 47
8 71
3 73
7 0
3 88
10 89
7 9
7 65
4 68
10 11
9 41
2 66
1 3
6 94
4 6
2 95
10 4
6 89
4 9
8 43
2 24
2 23
10 73
4 62
2 99
6 93
2 27
2 1
4 15
6 61
7 48
1 66
10 48
2 57
6 32
1 25
5 90
7 80
10 26
9 12
1 94
1 84
2 5
6 71
3 64
1 22
7 82
4 91
1 84
9 0
5 94
7 54
10 31
9 47
3 58
2 66
3 83
10 76
2 50
6 11
7 30
9 0
4 66
7 78
9 59
1 18
9 8
2 100
3 1
6 26
4 18
7 45
4 0
10 35
10 95
1 54
3 3
2 18
1 85
6 36
8 37
6 33
8 90
7 31
7 48
5 66
5 12
8 67
3 50
1 75
7 58
2 1
2 7
7 92
3 79
8 81
10 46
7 22
5 77
6 100
8 72
3 63
1 91
1 25
7 38
8 69
10 35
10 28
7 47
8 76
2 28
10 30
4 46
8 44
3 19
9 5
7 49
3 95
1 44
10 59
2 49
10 39
7 73
8 74
8 41
5 100
1 3
5 45
1 15
3 50
1 81
3 95
1 53
9 75
7 95
8 58
4 10
8 68
1 90
7 91
7 2
1 32
5 4
3 57
2 57
5 5
3 74
10 26
7 10
8 3
3 52
2 16
8 13
4 52
8 19
6 3
4 48
2 76
9 93
1 64
7 68
3 49
4 18
6 74
4 17
2 4
9 48
2 46
2 94
7 55
5 67
1 35
8 6
4 1
3 21
8 48
9 83
8 26
2 42
7 59
3 45
5 6
9 54
6 42
1 85
3 41
5 31
8 79
4 64
7 91
8 34
1 40
10 38
7 43
10 91
6 79
7 92
3 0
3 84
5 62
9 29
8 77
7 77
5 41
7 3
3 7
10 34
7 78
9 56
1 10
8 3
8 26
8 83
3 99
5 50
3 1
10 10
8 39
2 56
1 51
4 17
9 53
3 82
7 46
1 91
4 63
1 61
1 14
8 10
6 16
9 35
3 33
2 12
9 21
2 17
3 14
6 79
8 69
10 43
10 3
4 72
7 44
7 21
1 95
5 61
5 74
6 44
2 99
8 3
3 40
5 21
4 13
2 14
8 66
5 4
8 68
7 66
3 7
2 90
3 81
4 0
4 47
8 30
7 53
3 70
5 55
7 79
3 80
1 20
9 97
9 31
9 18
6 61
1 89
2 46
5 35
10 50
4 94
4 49
8 85
1 56
7 89
1 33
2 11
8 24
7 2
7 42
1 79
5 17
3 67
5 1
8 39
4 44
5 95
3 5
10 70
6 48
5 51
9 79
3 72
8 27
4 58
1 78
4 76
7 31
5 71
3 29
2 9
2 52
4 13
10 34
2 96
9 82
2 45
6 59
2 20
1 73
5 56
5 67
10 48
7 64
4 56
5 67
1 44
7 100
8 94
9 65
9 55
7 51
1 89
10 33
9 34
6 49
10 45
3 22
2 18
2 98
4 70
10 22
4 37
4 18
5 66
9 69
3 99
4 11
1 68
10 84
6 71
8 47
1 98
4 70
7 17
10 42
10 74
6 96
1 58
6 92
9 98
4 12
6 100
5 0
4 86
3 77
10 30
10 22
9 11
3 2
4 6
1 87
3 51
4 6
2 48
7 13
8 15
6 88
1 88
10 15
9 4
10 59
6 25
1 22
5 64
3 85
10 54
9 23
9 88
2 76
8 99
3 36
5 1
8 68
8 24
2 50
2 11
4 22
2 82
1 29
7 58
9 39
8 10
2 86
5 13
4 70
7 88
10 73
9 22
7 22
3 44
1 74
1 75
1 20
4 96
4 86
6 16
4 8
10 89
5 35
2 37
7 44
3 16
3 41
3 35
1 53
6 33
8 22
3 77
10 77
8 65
8 90
3 42
7 18
3 68
5 90
10 36
8 78
10 11
4 13
4 82
6 50
7 57
6 17
2 14
1 37
7 29
9 17
5 44
10 77
10 67
10 96
1 35
4 35
9 75
2 39
5 3
8 56
8 70
7 92
7 41
8 79
1 99
10 0
8 27
7 2
4 61
7 23
9 41
5 56
7 18
10 60
3 44
10 73
4 60
2 18
8 86
9 87
4 49
4 65
4 51
5 34
6 64
3 89
8 13
6 28
8 35
10 83
9 30
9 15
1 4
3 61
7 21
1 95
4 91
7 66
2 24
5 50
8 75
9 70
4 79
1 30
8 98
7 32
8 31
5 4
10 45
6 88
9 56
8 69
4 80
5 76
2 17
6 19
3 71
7 57
4 26
1 20
5 82
9 40
7 34
9 22
2 77
9 48
2 100
6 35
4 86
3 66
1 26
3 9
3 81
8 35
4 34
4 32
4 39
9 53
6 19
10 93
10 61
6 63
10 6
2 16
9 87
8 43
9 62
8 6
1 59
4 46
9 93
3 93
9 16
10 19
6 54
10 86
8 33
3 67
7 69
8 33
2 32
4 94
8 30
10 21
2 0
4 39
10 19
7 56
6 64
4 61
8 5
4 1
1 37
9 34
1 14
8 37
2 63
9 18
4 35
6 83
2 64
2 28
10 90
3 16
10 42
2 31
6 81
5 74
7 87
8 24
7 49
6 21
3 66
8 67
2 10
1 88
4 64
5 0
6 51
8 84
3 12
9 87
9 94
8 12
1 100
9 93
9 51
9 87
5 10
10 1
9 84
6 80
7 45
5 17
10 96
6 18
8 56
2 74
8 58
2 40
3 34
3 61
1 80
7 86
9 52
9 95
1 34
6 83
1 18
1 76
2 9
8 42
3 71
10 45
1 67
9 88
7 48
3 58
3 86
2 13
2 43
5 29
1 73
9 64
9 23
2 72
2 12
10 92
4 13
10 81
8 35
8 21
5 65
9 31
3 25
2 21
5 84
7 71
1 46
3 81
6 95
9 44
5 42
1 60
5 36
9 87
10 79
2 62
9 14
6 14
6 6
6 52
4 49
9 97
5 50
5 2
5 76
10 31
9 87
2 37
3 86
1 79
5 73
8 87
1 82
10 68
6 57
4 58
1 61
3 92
10 88
4 33
4 33
3 84
4 66
7 55
4 56
10 31
1 25
1 49
3 10
4 53
2 23
1 78
4 0
2 73
5 82
4 21
4 19
1 67
7 38
10 99
7 32
9 61
10 56
9 100
10 52
9 36
2 34
3 62
2 7
7 63
5 12
9 82
7 4
10 39
8 6
2 1
7 80
9 22
10 96
10 73
2 75
8 32
3 28
9 78
9 24
7 50
3 78
4 17
10 7
2 51
1 35
6 62
4 22
5 40
8 100
10 46
8 86
4 46
5 11
5 93
10 19
2 68
9 77
4 7
8 83
9 3
5 100
10 66
7 79
2 70
3 16
10 65
9 67
7 50
9 83
6 92
6 55
10 82
3 39
1 65
3 31
3 28
5 58
10 85
5 60
4 5
9 38
2 51
6 73
5 6
5 77
4 93
2 90
8 8
9 84
7 32
7 38
1 34
3 88
5 66
5 97
8 45
10 9
2 38
1 91
3 89
6 27
8 24
7 3
10 16
8 0
10 8
3 94
6 100
3 37
10 24
1 21
3 85
5 86
2 79
2 85
9 40
6 44
1 78
8 17
8 11
6 62
9 93
6 59
7 85
2 43
6 45
8 29
3 99
3 73
7 42
7 93
8 48
9 2
6 79
1 84
1 28
6 92
1 37
6 14
5 8
1 24
10 88
5 8
1 55
1 37
1 87
6 49
10 21
8 57
1 79
4 2
10 31
10 34
10 88
10 6
8 0
10 97
4 18
1 2
4 13
5 57
10 8
5 87
10 83
2 24
7 31
7 80
3 10
10 87
5 78
10 29
9 64
10 3
1 27
3 24
1 27
4 59
2 2
4 6
5 47
6 28
9 7
6 75
4 41
5 48
5 18
1 18
4 36
2 16
8 66
9 18
4 62
10 85
4 82
1 62
1 8
5 26
4 84
4 13
4 8
10 24
3 1
8 47
2 39
9 22
6 45
8 84
5 53
6 98
7 68
5 39
8 18
1 23
7 85
3 82
7 31
10 31
3 26
2 35
8 96
4 82
2 81
9 89
2 92
5 80
10 5
7 99
2 89
2 64
10 65
5 1
5 80
8 91
4 90
1 80
2 17
9 40
8 60
1 52
4 22
1 84
1 63
5 79
10 25
10 16
6 66
8 40
8 76
5 58
7 89
3 65
6 21
2 55
6 54
6 39
8 8
9 5
7 45
1 12
7 65
10 22
2 58
10 45
3 3
4 91
3 24
9 72
3 52
4 16
7 13
7 75
2 5
9 51
3 19
9 19
2 56
10 67
5 79
2 39
8 85
2 9
2 9
3 74
7 12
8 24
8 100
10 55
2 58
10 44
1 98
5 53
7 82
5 26
7 57
10 98
5 21
3 82
5 20
10 7
10 56
1 89
9 34
5 92
7 97
4 68
5 100
8 69
5 98
6 21
1 30
9 30
6 14
9 1
4 45
3 63
9 46
5 20
6 79
2 74
9 94
2 19
4 79
1 68
4 14
5 79
10 76
3 46
8 29
4 79
5 91
7 50
5 69
4 64
9 48
10 56
9 68
10 72
4 41
7 7
10 35
8 60
3 81
6 15
7 89
10 90
8 8
6 77
8 74
2 15
2 55
5 60
7 79
8 45
5 94
9 76
8 4
4 75
10 8
1 15
8 7
10 7
5 95
8 89
7 64
2 90
9 42
3 9
10 7
7 80
3 38
4 52
10 62
4 63
7 10
10 31
1 57
5 24
9 40
1 2
5 53
10 76
8 84
9 45
1 70
8 89
5 64
1 65
2 4
7 22
7 58
2 48
6 80
7 65
4 0
2 79
5 14
10 8
8 20
6 44
3 0
4 8
10 90
3 35
8 44
1 88
1 0
10 43
9 18
7 32
4 57
1 9
3 58
8 54
10 23
7 92
4 7
10 62
2 60
8 21
2 87
10 0
2 68
5 84
9 16
10 92
3 51
5 5
10 3
7 67
2 5
1 32
7 63
8 52
3 19
6 48
2 37
4 49
10 91
7 84
9 38
7 96
3 32
7 4
1 2
7 60
10 14
9 60
9 90
9 92
3 70
8 83
3 96
6 42
7 25
5 76
3 83
6 36
2 61
6 8
8 54
8 46
5 90
1 95
4 50
8 78
5 44
10 16
7 40
8 65
4 36
8 56
7 20
4 34
6 87
10 27
7 72
2 11
8 96
4 0
10 13
3 66
3 71
4 93
6 46
4 18
9 22
1 81
8 30
10 61
4 31
2 70
2 75
6 49
4 31
5 6
10 2
8 56
5 80
7 51
2 95
1 64
4 6
8 26
2 58
9 84
5 74
2 44
3 94
3 28
3 20
1 61
3 39
5 31
5 47
6 61
4 67
7 2
2 92
2 87
6 82
3 31
10 42
2 47
1 41
8 11
2 28
7 11
9 63
1 86
4 13
1 61
9 7
9 86
9 28
6 79
3 4
3 53
10 23
3 10
9 74
4 5
1 15
9 30
4 77
3 82
6 53
7 88
6 10
9 57
4 90
2 77
8 56
5 45
1 52
7 73
6 0
9 17
4 63
5 16
1 70
8 98
1 49
4 46
9 9
7 8
1 29
6 93
4 56
7 14
10 37
3 28
2 97
1 77
6 64
5 77
9 50
7 52
9 75
6 64
7 26
7 6
10 94
6 62
10 59
4 55
1 85
5 31
7 16
8 69
5 97
4 83
9 32
9 84
5 11
6 91
7 64
7 98
4 87
9 95
8 1
8 56
1 80
8 33
7 54
7 95
9 35
2 25
10 82
5 48
9 41
2 37
8 100
9 64
9 95
4 62
2 62
4 78
5 15
7 62
8 60
7 41
3 65
6 32
10 69
3 5
1 89
10 45
5 88
1 30
9 42
2 33
1 43
9 4
8 0
5 37
7 69
10 22
6 78
9 98
4 29
8 26
2 2
3 39
3 49
8 88
4 28
3 48
1 22
2 15
7 69
1 98
1 9
2 53
8 18
7 63
2 51
6 97
1 39
2 86
1 78
5 94
1 10
6 94
8 49
9 43
1 25
4 44
7 45
2 61
2 63
9 43
4 72
3 98
2 38
2 55
7 33
6 29
10 18
4 65
5 73
3 34
4 49
9 60
10 38
3 82
8 82
7 40
1 37
1 29
5 85
4 63
3 41
4 16
4 2
1 70
8 2
8 73
4 45
7 21
5 14
5 54
3 49
7 79
10 16
4 63
2 3
9 81
6 96
6 67
1 16
2 76
6 92
9 79
9 20
3 52
9 4
9 93
7 11
1 60
6 57
5 47
4 91
9 69
1 17
8 53
2 83
6 19
10 47
8 27
6 74
4 13
6 49
6 63
5 10
5 0
8 32
6 93
2 36
4 3
8 6
3 14
3 84
9 48
5 57
7 69
3 77
2 84
9 18
8 69
6 55
6 99
5 63
9 6
6 54
6 89
5 9
5 46
9 79
2 80
4 66
4 38
3 0
3 49
4 82
10 53
5 80
6 83
4 81
7 49
7 59
5 83
10 42
9 61
8 56
3 76
8 33
10 89
7 32
10 41
2 86
3 73
6 83
10 10
4 7
6 93
3 31
3 38
9 84
6 45
3 53
6 18
5 9
3 76
3 16
6 10
8 69
3 80
7 30
10 41
8 28
1 62
10 70
4 10
5 48
4 43
5 57
6 95
4 0
1 68
8 93
6 21
1 23
7 36
4 27
6 23
10 48
10 53
3 42
5 2
7 68
7 21
1 46
2 27
7 60
2 51
7 47
10 74
1 2
9 55
10 55
9 9
8 64
1 7
3 44
2 35
9 99
8 8
8 42
10 10
10 1
9 54
6 36
9 41
5 17
5 72
7 28
3 70
5 46
2 60
10 50
9 76
9 98
9 75
2 30
4 72
4 92
4 29
2 30
10 1
6 24
6 40
9 15
6 40
1 65
10 84
5 64
9 30
8 33
9 26
2 80
2 38
3 43
9 50
9 49
5 90
6 54
2 74
2 22
2 84
5 13
7 13
5 72
2 38
1 26
10 69
6 19
6 55
1 57
9 53
3 86
6 66
1 61
4 0
7 29
8 87
1 43
5 76
5 93
8 83
6 63
9 14
6 70
10 53
5 77
7 71
2 50
5 34
10 21
10 87
6 50
1 93
3 86
6 7
6 48
2 96
8 11
8 37
6 92
5 48
5 34
1 71
5 46
4 85
7 73
2 19
6 62
9 100
4 96
5 83
6 50
4 28
2 80
10 39
2 50
1 80
8 8
9 93
7 90
5 63
3 59
8 66
5 36
3 66
7 55
1 4
6 44
8 53
3 71
3 55
5 14
3 2
10 49
8 82
4 5
5 71
8 49
7 81
7 35
3 6
3 83
10 80
8 78
9 97
3 8
2 59
2 67
9 61
3 45
8 93
2 26
3 83
2 46
9 75
9 19
4 21
8 41
6 46
7 89
7 54
6 7
3 99
5 95
9 43
9 93
10 63
10 44
9 48
9 29
3 60
4 57
6 35
4 78
6 94
10 40
3 36
10 39
4 11
5 77
1 67
4 76
7 31
8 88
3 50
9 33
4 37
2 0
1 42
8 61
1 90
3 39
1 51
10 41
4 49
5 92
8 96
6 9
6 54
7 97
2 31
7 16
3 42
3 91
7 68
4 16
1 69
7 58
3 48
9 95
4 16
5 10
2 71
1 65
2 73
4 59
3 52
3 32
6 67
1 83
3 54
4 5
3 82
5 10
5 15
2 60
5 36
4 100
4 63
7 4
3 11
10 10
2 30
8 50
10 86
6 87
5 5
3 31
7 89
3 82
5 88
7 77
4 60
9 51
1 49
9 33
4 61
3 14
1 84
3 88
3 91
6 5
1 9
2 93
5 76
8 41
6 82
4 67
3 63
1 81
1 46
6 19
6 99
9 87
6 83
7 33
5 85
3 41
2 2
9 74
9 84
7 50
7 19
6 21
3 85
2 94
3 16
2 79
10 59
8 15
1 51
7 29
1 12
6 37
6 31
2 22
7 9
10 9
4 67
2 12
10 99
4 32
4 27
6 42
7 5
7 39
7 62
9 89
9 3
2 39
6 34
4 10
9 16
5 99
1 12
7 90
9 62
3 77
3 73
2 23
1 62
3 78
9 60
3 57
1 57
9 56
9 31
9 19
10 85
10 31
6 12
6 96
2 1
3 96
10 65
1 32
3 47
1 88
9 11
4 76
10 19
3 20
7 38
8 73
1 85
7 23
2 68
5 47
8 20
2 63
10 9
9 16
8 36
6 66
1 73
1 16
4 94
10 43
5 84
8 73
5 93
7 48
9 56
5 2
10 6
5 91
6 15
3 0
6 48
2 53
3 2
2 87
7 54
4 14
5 61
6 84
1 43
3 52
5 27
7 68
2 28
9 24
6 6
2 96
1 19
1 67
6 65
10 26
2 76
2 68
1 92
3 90
6 13
4 98
3 21
8 86
5 5
6 14
5 81
5 2
8 15
10 2
8 76
4 33
9 21
3 70
4 31
3 22
3 92
3 54
8 100
4 60
1 65
6 47
3 58
8 32
2 61
3 45
10 56
1 65
3 30
4 77
7 31
6 75
2 84
10 100
7 55
1 79
7 96
2 45
8 93
8 74
3 53
5 92
8 84
9 51
5 19
7 35
3 86
5 65
9 57
3 31
4 57
7 68
1 95
5 71
5 19
10 51
8 9
4 32
7 22
5 61
6 59
6 18
10 61
5 43
1 17
5 15
3 40
2 6
1 88
5 40
10 40
5 62
2 10
8 78
1 45
10 41
3 48
1 58
1 90
10 49
6 2
8 78
1 34
1 21
2 70
3 10
6 32
4 69
1 30
1 96
4 50
1 16
9 36
4 72
8 27
7 40
8 28
4 92
7 65
10 47
2 28
4 91
4 24
1 49
3 3
2 87
1 86
7 39
9 76
9 44
2 34
10 37
2 61
2 85
10 67
10 91
2 48
9 7
7 4
10 20
8 93
4 3
3 60
2 27
9 42
9 87
9 50
1 37
6 61
6 52
9 34
6 97
5 83
2 94
9 9
6 27
10 72
8 22
7 0
9 92
2 31
1 66
7 80
9 58
5 78
3 76
8 18
9 3
6 38
6 59
8 29
9 17
2 21
3 100
1 87
9 30
10 5
8 69
8 95
1 41
9 97
6 12
5 83
1 34
4 87
2 50
8 23
5 6
2 70
10 25
1 73
6 16
9 73
1 40
1 30
3 79
7 58
2 6
7 58
2 73
2 38
9 88
4 39
2 3
2 36
4 4
6 91
8 39
7 13
9 71
1 51
8 65
7 50
3 79
5 25
5 56
8 38
3 90
1 73
4 83
6 82
3 82
3 23
1 99
2 38
1 81
7 41
2 56
4 97
4 36
8 35
3 43
2 19
5 18
10 48
4 58
10 61
4 34
2 84
4 60
6 67
3 52
6 10
3 16
2 96
5 54
8 83
4 18
5 0
8 14
8 23
9 91
3 38
2 94
1 82
4 87
5 5
6 87
7 82
6 27
1 71
10 6
9 79
6 65
8 44
2 42
4 95
7 86
2 26
5 59
1 28
10 63
5 18
7 91
3 29
6 4
10 58
9 65
4 61
5 0
10 2
10 28
8 71
2 31
2 6
9 5
8 53
10 78
1 72
7 40
1 58
2 75
10 45
7 57
8 29
2 73
3 49
3 1
8 83
2 82
6 59
5 83
10 31
9 95
1 26
5 85
8 74
1 5
6 53
4 54
7 39
8 32
7 22
5 69
1 74
4 18
5 81
4 22
9 77
3 52
9 53
5 76
5 66
4 1
9 60
5 71
1 13
4 80
6 71
6 70
3 17
5 65
3 9
7 79
7 53
5 20
6 10
9 17
2 91
1 71
2 79
4 78
10 17
7 64
8 2
10 88
6 12
9 82
9 46
9 49
10 50
8 14
2 51
9 29
4 61
10 1
3 75
5 82
10 79
7 17
6 44
3 19
2 46
9 53
5 33
1 58
2 4
7 42
2 46
8 71
10 83
4 99
6 17
5 42
5 65
6 71
1 24
4 61
5 16
10 76
1 1
3 36
3 97
8 39
9 5
2 51
5 22
7 16
1 71
3 89
4 38
3 63
3 32
9 76
8 67
2 45
3 98
10 73
9 68
4 13
10 24
4 56
10 87
8 23
7 12
6 3
2 64
8 89
7 34
10 26
10 72
4 56
7 65
6 54
3 77
8 26
2 86
9 34
5 96
3 86
9 50
7 98
5 48
8 61
8 72
6 38
5 84
9 15
1 41
4 77
4 23
1 21
5 28
10 82
6 100
1 7
7 53
4 94
2 52
6 40
1 64
4 94
4 53
1 51
1 65
5 77
8 57
7 66
8 41
1 70
7 11
9 41
4 29
5 100
1 15
1 56
2 19
7 23
9 76
10 23
2 90
8 20
1 3
6 16
4 79
6 86
6 84
6 0
8 75
1 23
4 24
3 14
10 68
7 21
5 12
2 43
7 24
8 52
4 36
7 88
3 35
10 20
6 67
10 69
10 13
1 97
7 58
1 51
3 54
10 2
9 64
6 71
1 76
6 66
8 6
6 61
1 87
1 47
3 83
5 99
1 36
4 56
3 23
10 38
4 22
7 49
3 42
2 32
7 66
8 32
7 100
2 64
6 42
4 71
2 21
6 74
2 46
5 76
3 10
10 76
8 90
8 90
8 49
4 86
1 56
2 20
5 51
3 17
2 46
1 57
8 64
1 10
6 35
10 45
5 69
9 100
1 60
2 66
8 31
2 52
4 20
2 16
3 58
9 18
10 47
7 63
9 92
6 20
10 46
5 84
4 71
6 48
3 56
7 12
10 0
1 25
7 3
6 99
10 19
8 59
3 59
6 7
3 34
8 95
10 0
8 100
7 77
7 2
9 56
10 45
5 100
7 0
8 100
8 23
2 77
1 81
10 29
3 46
6 1
10 44
7 58
7 53
5 54
2 68
9 1
7 98
2 15
9 42
10 34
7 66
6 48
3 80
8 50
9 35
8 28
9 60
7 27
8 80
4 33
3 12
5 47
2 16
2 0
4 29
1 65
5 63
8 49
3 55
5 25
8 25
8 54
6 92
3 67
5 37
2 41
5 78
2 24
7 9
7 23
4 93
10 85
4 34
1 43
10 45
3 17
3 76
8 94
5 13
6 54
5 10
5 1
8 17
4 67
5 16
7 41
5 96
9 100
7 25
1 8
1 15
6 20
3 63
10 92
3 77
5 37
5 17
9 19
4 30
5 70
9 25
3 95
5 82
1 92
7 20
6 88
1 26
3 0
4 20
3 34
1 43
3 59
2 61
9 37
1 4
3 9
8 92
8 75
6 37
10 56
5 14
1 80
1 32
10 43
6 44
6 18
8 53
10 43
3 70
9 20
6 28
4 63
6 33
5 69
10 36
2 0
6 98
9 16
1 2
2 75
5 32
1 78
3 1
6 37
5 32
7 16
2 66
4 65
8 94
1 38
3 24
2 61
7 57
8 60
7 45
9 61
2 76
7 42
10 54
10 76
2 89
1 98
7 58
3 52
3 53
9 52
6 24
7 16
2 1
7 35
10 17
3 88
5 32
10 79
8 44
7 95
7 71
10 99
8 51
9 97
2 59
3 15
7 25
1 80
4 51
6 40
5 78
3 49
2 30
6 26
6 51
1 24
3 39
3 10
5 14
4 64
6 39
6 69
7 80
4 85
9 81
4 69
8 54
4 9
3 49
7 56
10 30
5 50
7 6
1 58
6 49
2 46
10 7
3 74
1 53
1 83
4 20
9 73
7 70
4 68
2 76
9 40
6 7
5 64
10 37
5 7
5 27
4 68
2 59
1 20
1 68
4 91
4 26
1 25
10 5
3 4
1 80
4 99
5 61
9 87
1 1
6 8
8 53
2 89
2 1
2 24
3 20
1 84
6 6
3 31
3 73
1 25
10 23
7 73
9 31
5 88
1 85
6 48
1 77
3 86
5 36
1 28
1 47
3 52
2 57
10 92
10 31
7 90
1 7
3 56
3 99
7 55
8 63
3 15
3 0
7 9
10 30
4 33
2 89
6 4
4 31
2 78
2 35
10 25
10 51
2 77
8 46
2 18
10 3
9 67
2 48
7 36
7 80
2 80
1 73
8 75
5 78
8 75
4 55
1 34
9 10
9 8
1 17
8 0
4 52
9 47
2 12
7 36
4 4
6 4
3 65
1 58
7 89
5 24
10 82
7 26
6 40
4 8
9 50
9 21
6 58
6 47
4 66
5 6
4 67
7 14
7 83
2 43
3 45
2 54
8 85
9 4
3 12
4 75
1 47
4 99
9 93
10 3
5 55
1 81
6 72
10 97
8 85
1 42
9 5
5 15
9 13
9 20
3 82
1 12
7 86
7 34
6 53
6 33
4 84
8 88
6 60
9 25
4 2
8 3
5 45
6 20
7 32
10 94
5 33
7 28
8 51
10 30
3 30
10 77
3 92
3 88
2 4
5 20
6 7
4 85
10 50
6 14
6 50
9 0
6 47
5 77
2 10
8 31
4 100
8 42
2 77
8 45
2 29
1 0
5 12
4 30
10 85
7 53
3 32
2 40
8 34
5 99
6 2
5 52
7 53
1 82
6 28
2 96
2 7
5 46
8 67
4 8
2 27
4 37
1 45
4 69
4 8
3 66
7 10
6 48
2 69
3 44
1 3
1 46
4 35
2 16
9 17
3 33
3 5
7 16
3 3
6 22
1 68
1 97
4 82
6 99
2 40
2 62
10 43
2 50
2 54
10 8
9 45
1 97
6 7
7 90
7 63
4 12
1 31
6 82
2 75
3 66
1 50
7 26
8 78
2 47
8 100
4 2
3 80
1 64
7 15
10 57
7 41
4 15
6 56
7 60
3 20
7 66
6 13
7 59
6 17
8 48
7 90
5 51
5 64
8 36
9 39
6 56
2 72
2 42
4 84
6 28
4 46
3 98
2 45
3 65
7 51
2 18
3 99
7 42
1 89
7 72
1 10
9 84
3 57
4 96
7 7
10 87
1 15
8 20
3 75
7 9
2 12
10 42
3 33
3 10
3 11
6 71
8 61
4 4
2 36
6 93
1 93
2 96
8 20
8 43
1 33
2 12
5 82
3 25
9 20
3 47
5 75
6 67
9 39
2 75
6 60
9 72
4 11
7 40
10 65
8 47
1 84
6 76
5 22
7 49
1 40
10 26
4 90
9 37
5 42
5 47
2 35
10 23
4 46
2 68
1 36
8 40
4 74
9 31
2 63
5 68
4 63
6 6
4 16
5 15
3 4
6 89
3 89
3 3
7 34
2 99
8 96
10 3
3 1
5 58
5 55
10 43
2 65
10 40
5 53
10 89
3 50
3 47
6 67
9 30
7 41
8 57
3 81
8 36
9 72
5 98
10 16
6 69
9 9
5 65
4 54
3 87
8 15
4 56
8 27
4 25
7 43
6 92
2 3
2 2
3 48
1 18
1 23
4 25
2 13
7 5
5 79
3 32
10 100
4 59
4 28
6 99
10 20
7 72
8 51
4 83
4 25
4 41
5 66
5 46
7 22
9 80
2 51
2 64
10 33
5 58
8 72
2 24
9 66
10 98
6 44
1 60
2 71
6 46
3 29
2 0
3 72
4 8
9 42
2 67
1 24
2 66
6 28
8 54
4 22
5 11
1 73
7 55
5 32
9 71
10 59
1 62
1 64
4 2
3 15
8 8
2 10
6 47
9 65
6 64
3 90
5 22
10 20
6 3
6 1
10 98
9 57
4 5
1 15
8 73
3 67
4 57
4 77
7 41
2 49
6 7
5 31
8 17
3 15
6 3
4 21
1 100
5 9
1 1
2 17
4 49
2 63
10 78
10 54
6 2
3 85
6 84
3 28
10 72
6 26
3 97
5 56
9 71
6 62
1 22
10 61
1 50
3 46
5 43
9 24
3 93
3 12
4 80
1 88
1 72
3 36
6 75
4 26
1 80
9 73
3 10
6 56
6 57
9 24
9 95
7 31
9 13
7 57
8 54
2 72
8 52
5 7
9 70
6 30
5 60
4 71
6 73
6 89
1 81
4 3
9 100
8 37
2 94
2 12
7 39
10 80
1 67
9 72
4 90
1 73
7 64
1 8
2 93
9 53
9 75
9 54
1 31
5 48
5 24
2 25
7 25
5 97
4 47
9 65
5 17
8 59
1 11
9 27
7 16
5 26
10 23
3 95
3 7
2 17
6 20
9 12
2 81
7 91
1 17
9 94
6 82
7 72
1 16
5 44
8 35
1 5
10 98
7 4
10 72
7 28
9 90
9 50
1 73
8 16
4 98
3 24
10 15
4 92
6 54
2 86
1 49
6 20
2 16
4 65
2 72
6 47
10 38
10 99
10 89
7 32
3 70
5 57
7 22
7 91
2 81
4 100
2 63
1 74
3 33
5 68
5 41
10 22
5 94
6 85
8 23
10 10
5 23
4 78
8 1
5 43
7 50
1 37
6 29
4 87
3 71
9 53
10 8
7 76
9 80
3 7
1 64
6 62
3 95
6 73
10 64
9 3
6 50
4 71
9 94
8 27
5 25
1 3
3 73
2 4
2 74
9 32
6 89
1 17
3 86
10 90
6 14
6 54
2 20
5 49
7 11
3 67
9 98
4 79
10 91
2 45
10 3
9 56
3 87
6 27
6 11
10 97
10 16
10 31
3 36
1 71
9 6
7 84
9 63
1 55
6 66
7 52
4 32
6 90
2 3
1 35
3 28
3 42
4 84
2 61
6 5
7 50
7 77
1 82
4 67
8 63
1 7
4 58
3 14
7 74
9 30
5 28
2 3
10 87
3 92
9 46
7 46
6 72
2 73
8 83
4 10
6 71
5 57
1 67
6 5
9 79
6 8
4 43
1 34
5 37
6 79
2 23
8 20
1 92
1 99
5 92
10 48
4 12
4 27
7 73
2 87
1 81
10 35
9 11
5 59
4 31
4 75
2 22
7 1
3 86
10 50
2 13
10 59
4 47
2 39
9 29
2 56
5 100
10 54
4 50
10 79
4 7
10 60
4 69
2 75
2 12
8 75
4 63
4 60
6 28
5 37
10 49
3 55
6 71
3 61
6 62
1 42
10 3
3 91
8 100
1 78
5 72
5 48
4 70
2 54
9 95
5 49
9 85
3 32
4 89
6 23
9 14
7 98
9 82
2 36
2 38
10 85
2 98
8 63
5 1
4 26
1 28
9 99
10 63
5 61
5 5
4 11
4 96
3 45
10 56
4 93
7 88
10 13
9 81
7 41
7 30
3 1
3 72
2 66
2 12
4 12
6 1
4 62
4 33
3 91
7 19
5 97
3 82
4 5
8 49
1 73
7 95
7 36
2 27
4 65
2 8
10 91
4 47
3 26
8 8
4 56
9 79
3 24
9 68
5 62
4 86
2 94
10 91
4 57
5 32
8 48
8 75
1 95
8 93
5 100
6 32
9 53
1 42
3 6
5 34
4 91
4 19
1 96
9 8
4 43
10 4
6 36
1 61
3 27
7 92
7 96
10 100
9 71
9 61
6 9
2 63
4 58
10 44
8 78
5 9
4 17
4 79
2 14
8 46
3 58
4 99
8 78
3 81
10 52
8 70
10 55
9 52
6 7
3 69
9 71
3 36
5 51
9 29
10 96
2 76
5 70
2 61
3 18
2 25
1 72
7 77
9 56
7 81
7 7
6 15
3 69
5 41
3 69
9 99
4 15
2 85
2 99
1 43
9 41
4 1
4 74
4 70
8 61
4 38
1 88
10 18
4 51
10 93
9 78
3 20
3 95
6 64
7 2
3 29
2 42
1 55
6 86
8 17
4 39
5 15
7 40
6 39
7 64
5 39
5 2
5 57
7 92
4 1
8 13
6 8
1 44
4 50
1 81
3 59
5 40
6 76
6 7
9 76
8 72
7 31
5 73
8 79
5 36
2 17
7 43
9 92
1 60
2 12
2 28
1 60
1 46
4 65
4 4
4 15
9 96
9 79
5 92
3 32
7 38
10 81
8 81
1 63
1 90
7 28
2 48
2 63
8 36
2 59
8 68
1 46
1 13
8 74
9 52
3 65
2 35
8 47
8 1
7 67
3 27
9 87
9 8
5 64
6 22
8 8
9 28
8 33
1 10
1 38
4 88
9 95
7 64
10 5
7 27
2 3
1 93
1 61
9 87
6 94
3 95
4 7
7 94
8 4
9 84
9 99
10 48
10 13
10 30
4 94
4 34
3 33
3 65
10 72
8 86
6 96
9 55
7 28
3 4
10 22
7 53
8 22
2 63
2 54
3 83
3 71
5 77
7 48
9 48
10 29
1 93
6 58
2 0
9 37
5 4
5 39
9 92
8 98
1 67
8 66
3 81
2 5
10 59
8 3
2 54
10 49
6 90
5 30
6 19
6 14
4 69
7 79
3 26
1 5
1 89
3 68
2 92
2 4
3 10
10 27
1 94
3 10
7 12
1 46
10 1
1 52
4 82
9 32
4 19
6 19
4 67
9 79
9 74
5 23
4 74
9 57
10 59
9 8
10 82
7 1
5 75
7 28
2 55
7 28
8 92
9 69
1 48
10 29
5 41
9 32
3 84
3 15
10 60
7 50
7 52
1 95
1 91
2 95
5 95
3 79
5 52
7 15
3 57
5 48
5 73
5 68
4 91
4 72
3 3
6 22
4 52
5 10
10 4
8 100
10 73
2 62
6 38
9 55
8 52
7 5
8 24
10 56
1 57
7 72
10 63
6 46
9 34
3 38
7 86
10 67
1 86
10 42
8 62
10 56
7 12
7 84
9 2
6 82
7 41
8 57
5 70
4 68
4 32
8 20
5 94
1 20
3 25
10 89
2 44
4 70
3 54
2 56
2 81
5 32
8 83
2 74
1 84
6 1
6 57
7 77
7 21
1 54
7 33
7 24
4 94
5 93
8 96
1 16
7 57
2 80
6 31
7 0
6 30
5 32
10 12
5 51
4 33
2 52
8 97
5 27
4 1
8 60
4 16
6 60
8 70
3 54
1 79
3 63
3 41
1 4
9 90
5 12
4 49
5 57
4 87
6 32
10 75
4 97
10 11
10 58
7 5
6 64
1 34
2 15
7 0
9 0
9 60
5 21
8 30
4 97
6 29
3 3
2 6
10 10
3 45
4 71
1 47
1 46
5 54
9 33
2 88
7 8
8 5
7 43
7 90
4 1
7 31
4 28
5 73
9 10
3 52
8 56
2 6
2 80
9 90
7 10
3 20
4 19
2 42
7 97
8 53
8 74
10 74
8 20
10 32
1 16
10 96
10 80
7 28
3 40
3 74
6 94
2 61
5 86
4 40
9 74
1 73
10 6
4 10
5 40
1 36
6 94
10 75
7 23
8 46
2 60
5 50
5 40
6 59
8 69
9 32
1 99
2 73
3 13
2 13
3 96
3 32
3 94
1 31
5 67
5 77
7 36
4 65
7 28
2 99
6 63
10 89
6 51
9 46
10 73
9 57
3 50
8 94
3 32
4 31
3 39
4 51
7 82
2 34
5 37
5 92
10 24
3 31
6 62
5 63
5 95
2 83
5 66
2 91
4 93
6 74
10 87
8 84
1 8
9 25
3 99
6 7
9 95
5 12
9 38
5 50
3 29
2 34
9 13
7 17
1 30
7 64
10 46
7 93
3 85
5 47
6 66
4 25
2 78
9 68
2 63
1 23
3 15
10 44
6 77
9 41
1 29
8 100
5 42
6 41
2 57
1 28
1 96
4 26
1 78
3 68
1 3
8 80
2 92
4 81
1 9
6 87
10 3
6 80
9 28
3 94
4 80
1 25
5 90
1 4
1 35
3 68
8 42
3 48
6 33
5 39
4 32
1 28
9 59
10 31
6 57
6 87
10 15
9 33
1 71
5 57
10 41
4 72
2 53
7 96
8 39
4 23
7 60
5 41
8 26
2 95
10 40
2 22
3 76
3 69
10 40
8 61
5 46
5 54
1 89
10 95
10 94
1 84
9 93
5 97
10 53
5 86
10 94
9 7
6 85
2 78
9 55
5 46
7 69
6 15
3 30
4 43
10 11
2 95
7 90
5 89
3 67
1 74
9 29
6 85
4 21
9 8
10 12
7 50
4 41
8 41
9 99
9 42
3 92
7 46
6 66
10 83
4 48
6 12
3 70
6 3
6 2
10 64
8 19
10 33
7 45
4 95
3 25
8 90
9 26
5 24
2 33
6 18
6 4
4 49
6 15
5 0
3 62
4 28
6 27
2 8
10 47
3 7
10 48
8 95
9 54
4 87
8 81
8 6
10 26
2 25
7 4
6 49
8 26
8 54
1 77
4 11
4 23
5 52
9 17
2 16
9 89
9 42
3 22
8 18
8 17
5 28
10 65
10 30
6 51
8 99
10 55
8 58
10 29
9 52
8 1
6 97
10 17
